1        2928.94        296.225        2632.92        2928.94       0.233063      -0.434871
100        2929.07        676.774         2418.8        2929.07        46.1354        -212.64
200        2929.06        730.608        2137.92        2929.06        31.5242        29.0073
300        2929.04        675.591        1983.19        2929.04        16.5702        253.693
400        2929.03         655.39        1847.78        2929.03         3.5633        422.304
500        2929.04        652.448        1718.66        2929.04         1.5722        556.352
600        2929.03        634.119        1601.78        2929.03        2.91682        690.207
700        2929.03        638.349        1513.83        2929.03        2.15411        774.698
800        2929.02        641.229        1426.93        2929.02        5.79433        855.066
900        2929.03        637.325        1324.12        2929.03        3.53486        964.044
1000        2929.02        645.076        1223.54        2929.02        2.55297        1057.85
1100        2929.02        624.465        1129.36        2929.02        4.31395        1170.88
1200        2929.02        704.475         1027.2        2929.02       0.801711        1196.55
1300        2929.03        627.799        932.459        2929.03       0.604275        1368.17
1400        2929.03        612.718         840.24        2929.03        0.81427        1475.26
1500        2929.03        599.132        779.229        2929.03       0.833053        1549.83
1600        2929.03        653.157         692.65        2929.03        1.80024        1581.42
1700        2929.03        629.453        624.444        2929.03        1.39622        1673.73
1800        2929.03        624.846        555.115        2929.03        1.03772        1748.03
1900        2929.03        633.289        477.497        2929.03       0.364031        1817.88
2000        2929.03        584.968         416.85        2929.03        2.96676        1924.24
2100        2929.03        617.124        351.322        2929.03       0.859453        1959.72
2200        2929.03        606.967        292.574        2929.03          1.568        2027.92
2300        2929.03        654.236        241.825        2929.03       0.979464        2031.99
2400        2929.03        638.936        212.431        2929.03        1.41152        2076.25
2500        2929.03         611.19        160.111        2929.03        1.96403        2155.76
2600        2929.03        628.467        121.464        2929.03        2.59442         2176.5
2700        2929.03        637.442        105.234        2929.03        1.97344        2184.38
2800        2929.03        667.369        57.3543        2929.03          1.886        2202.42
2900        2929.03        656.324        47.1506        2929.03        2.47049        2223.08
3000        2929.03        632.693        7.93519        2929.03        1.76023        2286.64
3100        2929.03         637.01       -8.59204        2929.03        1.91933        2298.69
3200        2929.03        685.584       -30.2779        2929.03        2.53918        2271.18
3300        2929.02        630.779       -46.8248        2929.02       0.790113        2344.28
3400        2929.02        671.062       -54.6967        2929.02       0.369018        2312.29
3500        2929.03        645.082       -70.9874        2929.03        1.00552        2353.93
3600        2929.03         614.39       -91.2445        2929.03        1.59333        2404.29
3700        2929.03         615.38       -102.363        2929.03        2.25422        2413.75
3800        2929.03         641.62       -99.6036        2929.03        3.70072        2383.31
3900        2929.03        660.871       -110.434        2929.03       0.379009        2378.21
4000        2929.03        638.358       -126.227        2929.03        1.45574        2415.44
4100        2929.03        601.537       -141.035        2929.03        1.20925        2467.32
4200        2929.03        622.688       -147.292        2929.03       0.334735         2453.3
4300        2929.03        649.381       -154.333        2929.03        3.30497        2430.67
4400        2929.03        678.449       -163.623        2929.03        3.38685        2410.82
4500        2929.03        654.603       -167.951        2929.03         1.1618        2441.21
4600        2929.03        620.384       -168.943        2929.03        2.80571        2474.78
4700        2929.03        618.361       -167.439        2929.03        5.48371        2472.62
4800        2929.02        629.534       -178.614        2929.02        1.58599        2476.51
4900        2929.02        667.267       -175.567        2929.02       0.573212        2436.75
5000        2929.02         636.84       -177.737        2929.02       0.499707        2469.42
5100        2929.02         580.29        -185.19        2929.02        1.37489        2532.54
5200        2929.02        616.227       -181.494        2929.02        0.85465        2493.43
5300        2929.02        642.289       -188.296        2929.02         2.8905        2472.14
5400        2929.02        653.013       -187.378        2929.02       0.794793        2462.59
5500        2929.02        656.329        -186.64        2929.02        5.52103        2453.81
5600        2929.02        625.477       -191.255        2929.02        2.14398        2492.66
5700        2929.02        632.694       -188.047        2929.02        1.42572        2482.95
5800        2929.02        632.458       -194.163        2929.02        1.17468        2489.55
5900        2929.02        644.226       -193.294        2929.02        1.08344        2477.01
6000        2929.02        672.672       -189.323        2929.02         4.8594        2440.81
6100        2929.02        622.412       -194.069        2929.02        1.27446         2499.4
6200        2929.02        607.029       -193.118        2929.02        2.68156        2512.43
6300        2929.02        638.282       -193.173        2929.02       0.656304        2483.25
6400        2929.02         625.04       -191.685        2929.02        1.30565        2494.36
6500        2929.02        605.924       -192.764        2929.02        1.92856        2513.93
6600        2929.02        605.527       -194.289        2929.02        3.02457        2514.76
6700        2929.02        644.228       -197.756        2929.02       0.298479        2482.25
6800        2929.02        642.823       -194.799        2929.02        1.65243        2479.34
6900        2929.02        617.626        -189.76        2929.02        2.57262        2498.58
7000        2929.02        595.591       -191.515        2929.02       0.836371        2524.11
7100        2929.02        637.024       -188.834        2929.02        2.97321        2477.86
7200        2929.02        645.911       -188.996        2929.02        1.69317        2470.41
7300        2929.01        614.083       -185.503        2929.01        5.14453        2495.29
7400        2929.02        610.724       -184.514        2929.02       0.875374        2501.93
7500        2929.02        614.016       -187.624        2929.02        1.88236        2500.74
7600        2929.02        645.638       -188.826        2929.02        1.63223        2470.58
7700        2929.03        683.432       -181.791        2929.03        1.63718        2425.75
7800        2929.02        629.986        -183.27        2929.02        1.03939        2481.27
7900        2929.04        588.058       -169.385        2929.04        4.29878        2506.07
8000        2929.04        619.016       -169.676        2929.04        1.81015        2477.89
8100        2929.04        664.667       -172.182        2929.04       0.321368        2436.23
8200        2929.04        636.361       -173.949        2929.04       0.358976        2466.26
8300        2929.04        592.761       -168.371        2929.04        1.01063        2503.64
8400        2929.04        622.913       -170.515        2929.04        3.50026        2473.14
8500        2929.03         649.15       -171.141        2929.03         1.6954        2449.33
8600        2929.05        654.749       -169.817        2929.05        7.14187        2436.97
8700        2929.04        683.646       -167.337        2929.04        0.80195        2411.93
8800        2929.04        639.235        -172.91        2929.04        1.89127        2460.82
8900        2929.04        597.912       -172.729        2929.04        2.21444        2501.64
9000        2929.04        604.204       -168.135        2929.04       0.140487        2492.83
9100        2929.04        604.997       -160.694        2929.04        1.76871        2482.97
9200        2929.04        636.402       -165.762        2929.04        0.42602        2457.97
9300        2929.04        659.299       -170.226        2929.04        2.82447        2437.14
9400        2929.04        664.015       -174.539        2929.04        3.95592        2435.61
9500        2929.03        650.635       -164.474        2929.03       0.447726        2442.42
9600        2929.03         618.62       -156.842        2929.03        3.45652         2463.8
9700        2929.03        594.875       -156.387        2929.03        1.15896        2489.39
9800        2929.03        631.818       -158.074        2929.03        1.05693        2454.23
9900        2929.03        673.953       -155.287        2929.03        1.62619        2408.74
10000        2929.03         662.13       -157.182        2929.03        3.71137        2420.38
