-1.4881              0
-1.46429              0
-1.44048              0
-1.41667              0
-1.39286              0
-1.36905              0
-1.34524              0
-1.32143              0
-1.29762              0
-1.27381       0.104622
-1.263       0.342803
-1.25       0.681895
-1.22619       0.857749
-1.20238       0.844393
-1.17857       0.834747
-1.15476       0.796163
-1.13095       0.808406
-1.10714       0.773532
-1.08333       0.780952
-1.05952       0.734206
-1.03571       0.718253
-1.0119       0.733093
-0.988095       0.764628
-0.964286       0.754611
-0.940476       0.692283
-0.916667       0.659264
-0.892857       0.692283
-0.869048       0.673733
-0.845238       0.645537
-0.821429       0.649989
-0.797619       0.645537
-0.77381        0.65036
-0.75       0.615487
-0.72619       0.631068
-0.702381       0.607696
-0.678571       0.632923
-0.654762       0.627729
-0.630952       0.683008
-0.607143       0.663716
-0.583333       0.662603
-0.559524       0.673362
-0.535714       0.612148
-0.511905         0.6281
-0.488095       0.631068
-0.464286       0.624391
-0.440476       0.606954
-0.416667       0.636633
-0.392857       0.614003
-0.369048       0.614745
-0.345238       0.595453
-0.321429        0.62402
-0.297619       0.623649
-0.27381       0.637375
-0.25        0.62402
-0.22619       0.621794
-0.202381       0.616971
-0.178571       0.628471
-0.154762       0.634778
-0.130952       0.624391
-0.107143       0.621423
-0.0833333        0.64665
-0.0595238       0.651473
-0.0357143       0.637004
-0.0119048       0.609551
0.0119048       0.639601
0.0357143       0.670394
0.0595238       0.642569
0.0833333       0.621052
0.107143       0.634036
0.130952        0.62402
0.154762       0.648505
0.178571       0.664087
0.202381       0.657409
0.22619       0.672991
0.25       0.634407
0.27381       0.622536
0.297619       0.648876
0.321429       0.648505
0.345238       0.655554
0.369048       0.661861
0.392857       0.642569
0.416667        0.65036
0.440476       0.666313
0.464286       0.645908
0.488095       0.667055
0.511905       0.634407
0.535714       0.603244
0.559524       0.617713
0.583333       0.658522
0.607143       0.591001
0.630952       0.615487
0.654762       0.614374
0.678571       0.639601
0.702381       0.602502
0.72619       0.589517
0.75       0.595824
0.77381       0.589888
0.797619       0.589888
0.821429       0.604728
0.845238       0.603986
0.869048       0.637746
0.892857       0.658151
0.916667        0.65407
0.940476       0.691541
0.964286       0.697106
0.988095       0.706381
1.0119       0.740513
1.03571       0.766854
1.05952       0.763886
1.08333       0.756466
1.10714       0.774274
1.13095       0.810261
1.15476       0.841796
1.17857       0.859975
1.20238       0.847361
1.22619       0.877782
1.25       0.709349
1.263       0.346513
1.27381      0.0990566
1.29762              0
1.32143              0
1.34524              0
1.36905              0
1.39286              0
1.41667              0
1.44048              0
1.46429              0
1.4881              0
