-1.4881              0
-1.46429              0
-1.44048              0
-1.41667              0
-1.39286              0
-1.36905              0
-1.34524              0
-1.32143              0
-1.29762              0
-1.27381      0.0941528
-1.263       0.335419
-1.25       0.688492
-1.22619       0.835606
-1.20238       0.747338
-1.17857        0.68555
-1.15476       0.732627
-1.13095       0.800299
-1.10714       0.812068
-1.08333       0.650243
-1.05952       0.664954
-1.03571       0.673781
-1.0119       0.679666
-0.988095       0.700262
-0.964286       0.606109
-0.940476       0.662012
-0.916667       0.629647
-0.892857       0.600224
-0.869048       0.632589
-0.845238        0.59434
-0.821429       0.632589
-0.797619       0.588455
-0.77381       0.629647
-0.75       0.570801
-0.72619       0.591397
-0.702381       0.506071
-0.678571       0.591397
-0.654762       0.653185
-0.630952       0.570801
-0.607143       0.747338
-0.583333       0.753222
-0.559524       0.800299
-0.535714       0.738511
-0.511905       0.700262
-0.488095       0.641416
-0.464286       0.729684
-0.440476       0.676723
-0.416667        0.68555
-0.392857       0.703204
-0.369048       0.744396
-0.345238       0.676723
-0.321429       0.803241
-0.297619       0.714973
-0.27381       0.673781
-0.25       0.667897
-0.22619       0.585513
-0.202381       0.662012
-0.178571       0.679666
-0.154762       0.700262
-0.130952       0.638474
-0.107143       0.614936
-0.0833333       0.753222
-0.0595238       0.726742
-0.0357143       0.709088
-0.0119048       0.682608
0.0119048       0.644358
0.0357143       0.706146
0.0595238       0.623762
0.0833333       0.570801
0.107143       0.656127
0.130952       0.682608
0.154762       0.729684
0.178571       0.647301
0.202381       0.606109
0.22619       0.644358
0.25       0.641416
0.27381       0.700262
0.297619       0.691435
0.321429       0.691435
0.345238       0.603166
0.369048       0.762049
0.392857       0.670839
0.416667       0.697319
0.440476       0.720857
0.464286       0.703204
0.488095       0.732627
0.511905       0.664954
0.535714       0.729684
0.559524       0.650243
0.583333       0.653185
0.607143       0.553148
0.630952       0.585513
0.654762       0.567859
0.678571       0.644358
0.702381       0.570801
0.72619       0.559032
0.75        0.51784
0.77381        0.52961
0.797619       0.550205
0.821429       0.514898
0.845238       0.603166
0.869048       0.570801
0.892857       0.662012
0.916667       0.564917
0.940476       0.662012
0.964286       0.664954
0.988095       0.570801
1.0119       0.741453
1.03571       0.800299
1.05952       0.673781
1.08333       0.741453
1.10714       0.714973
1.13095       0.735569
1.15476        0.81501
1.17857       0.903279
1.20238       0.770876
1.22619       0.885625
1.25       0.688492
1.263       0.317766
1.27381       0.100037
1.29762              0
1.32143              0
1.34524              0
1.36905              0
1.39286              0
1.41667              0
1.44048              0
1.46429              0
1.4881              0
