-1.4881              0
-1.46429              0
-1.44048              0
-1.41667              0
-1.39286              0
-1.36905              0
-1.34524              0
-1.32143              0
-1.29762              0
-1.27381       0.116348
-1.263       0.346822
-1.25       0.689197
-1.22619       0.858902
-1.20238       0.890027
-1.17857       0.782572
-1.15476       0.771456
-1.13095       0.763304
-1.10714       0.762563
-1.08333        0.71884
-1.05952       0.751447
-1.03571       0.735143
-1.0119       0.718099
-0.988095       0.707724
-0.964286       0.712911
-0.940476       0.712911
-0.916667       0.664741
-0.892857       0.662518
-0.869048       0.641768
-0.845238       0.681045
-0.821429       0.653625
-0.797619       0.634358
-0.77381        0.60175
-0.75       0.609161
-0.72619         0.6225
-0.702381       0.603232
-0.678571       0.598786
-0.654762       0.645474
-0.630952       0.578777
-0.607143       0.602491
-0.583333       0.625465
-0.559524       0.624724
-0.535714       0.602491
-0.511905       0.598786
-0.488095       0.607679
-0.464286       0.607679
-0.440476       0.605456
-0.416667       0.618795
-0.392857       0.650661
-0.369048       0.667706
-0.345238       0.714393
-0.321429       0.632134
-0.297619       0.643991
-0.27381       0.632875
-0.25       0.609161
-0.22619       0.627688
-0.202381        0.61509
-0.178571       0.657331
-0.154762       0.661777
-0.130952       0.646215
-0.107143       0.668447
-0.0833333       0.690679
-0.0595238       0.692902
-0.0357143       0.714393
-0.0119048       0.659554
0.0119048       0.661036
0.0357143       0.713652
0.0595238       0.689938
0.0833333       0.657331
0.107143       0.621759
0.130952       0.646215
0.154762       0.621018
0.178571       0.629911
0.202381       0.617313
0.22619       0.683268
0.25        0.65659
0.27381        0.62917
0.297619        0.64992
0.321429          0.664
0.345238       0.658813
0.369048        0.64325
0.392857       0.623982
0.416667        0.65659
0.440476        0.64325
0.464286       0.634358
0.488095       0.638804
0.511905       0.650661
0.535714       0.614349
0.559524       0.633616
0.583333       0.641027
0.607143       0.620277
0.630952       0.615831
0.654762       0.638804
0.678571       0.637322
0.702381       0.648438
0.72619       0.664741
0.75       0.675116
0.77381        0.59434
0.797619       0.609161
0.821429       0.643991
0.845238       0.625465
0.869048       0.651402
0.892857       0.653625
0.916667       0.725509
0.940476       0.694384
0.964286       0.702536
0.988095       0.725509
1.0119       0.704018
1.03571       0.715875
1.05952       0.750706
1.08333       0.784795
1.10714       0.751447
1.13095       0.742554
1.15476       0.798875
1.17857       0.772938
1.20238       0.789983
1.22619        0.85075
1.25       0.675116
1.263       0.335706
1.27381       0.109679
1.29762              0
1.32143              0
1.34524              0
1.36905              0
1.39286              0
1.41667              0
1.44048              0
1.46429              0
1.4881              0
