-1.4881              0
-1.46429              0
-1.44048              0
-1.41667              0
-1.39286              0
-1.36905              0
-1.34524              0
-1.32143              0
-1.29762              0
-1.27381       0.107613
-1.263       0.352457
-1.25       0.671347
-1.22619       0.835235
-1.20238       0.801667
-1.17857       0.780935
-1.15476       0.761189
-1.13095       0.823387
-1.10714       0.782909
-1.08333       0.740456
-1.05952       0.725647
-1.03571       0.709851
-1.0119       0.718736
-0.988095       0.708864
-0.964286       0.717749
-0.940476       0.654563
-0.916667       0.675296
-0.892857       0.653576
-0.869048       0.661474
-0.845238       0.645678
-0.821429       0.630869
-0.797619       0.635805
-0.77381       0.652589
-0.75       0.622971
-0.72619       0.610136
-0.702381       0.601251
-0.678571       0.647652
-0.654762       0.677271
-0.630952       0.706889
-0.607143       0.725647
-0.583333       0.710838
-0.559524       0.720711
-0.535714       0.653576
-0.511905       0.634818
-0.488095       0.600263
-0.464286       0.632843
-0.440476       0.607174
-0.416667       0.664436
-0.392857       0.640742
-0.369048       0.655551
-0.345238       0.613098
-0.321429       0.658513
-0.297619       0.619022
-0.27381       0.609149
-0.25       0.654563
-0.22619       0.587429
-0.202381       0.660487
-0.178571       0.676283
-0.154762       0.639754
-0.130952       0.666411
-0.107143       0.641729
-0.0833333       0.678258
-0.0595238        0.64864
-0.0357143        0.63778
-0.0119048       0.622971
0.0119048       0.617047
0.0357143       0.680233
0.0595238       0.643703
0.0833333       0.600263
0.107143       0.651602
0.130952       0.640742
0.154762       0.689118
0.178571       0.693067
0.202381       0.663449
0.22619       0.652589
0.25       0.621983
0.27381       0.641729
0.297619       0.630869
0.321429       0.656538
0.345238       0.613098
0.369048       0.666411
0.392857       0.632843
0.416667       0.667398
0.440476       0.657525
0.464286         0.6595
0.488095       0.689118
0.511905       0.665423
0.535714       0.664436
0.559524       0.621983
0.583333       0.657525
0.607143        0.59434
0.630952       0.584467
0.654762       0.600263
0.678571       0.642716
0.702381       0.632843
0.72619       0.590391
0.75       0.585454
0.77381       0.566696
0.797619       0.578543
0.821429       0.584467
0.845238       0.584467
0.869048         0.6052
0.892857       0.632843
0.916667       0.633831
0.940476       0.668385
0.964286       0.664436
0.988095       0.698004
1.0119       0.751316
1.03571       0.795744
1.05952       0.748355
1.08333       0.763164
1.10714       0.769087
1.13095       0.782909
1.15476       0.858929
1.17857       0.832273
1.20238         0.8224
1.22619       0.855968
1.25       0.698004
1.263       0.342584
1.27381      0.0947784
1.29762              0
1.32143              0
1.34524              0
1.36905              0
1.39286              0
1.41667              0
1.44048              0
1.46429              0
1.4881              0
