-1.4881              0
-1.46429              0
-1.44048              0
-1.41667              0
-1.39286              0
-1.36905              0
-1.34524              0
-1.32143              0
-1.29762              0
-1.27381              0
-1.263              0
-1.25              0
-1.22619              0
-1.20238      0.0606167
-1.17857        0.37405
-1.15476       0.656435
-1.13095       0.694875
-1.10714       0.616516
-1.08333       0.638693
-1.05952       0.659392
-1.03571        0.69931
-1.0119       0.638693
-0.988095       0.663827
-0.964286       0.623909
-0.940476       0.653478
-0.916667       0.647564
-0.892857       0.582512
-0.869048       0.687482
-0.845238        0.60321
-0.821429       0.635736
-0.797619       0.653478
-0.77381       0.668262
-0.75        0.58399
-0.72619        0.62243
-0.702381        0.60321
-0.678571       0.625387
-0.654762       0.668262
-0.630952       0.606167
-0.607143        0.58399
-0.583333       0.646086
-0.559524       0.617995
-0.535714       0.585469
-0.511905       0.604689
-0.488095        0.60321
-0.464286       0.643129
-0.440476        0.64165
-0.416667       0.703745
-0.392857        0.62243
-0.369048       0.640172
-0.345238       0.582512
-0.321429       0.632779
-0.297619       0.631301
-0.27381       0.669741
-0.25        0.64165
-0.22619       0.579555
-0.202381       0.637215
-0.178571       0.591383
-0.154762       0.585469
-0.130952       0.681569
-0.107143       0.663827
-0.0833333       0.579555
-0.0595238       0.567727
-0.0357143       0.609124
-0.0119048       0.620952
0.0119048        0.59434
0.0357143       0.634258
0.0595238       0.669741
0.0833333       0.615038
0.107143       0.585469
0.130952       0.569206
0.154762       0.623909
0.178571       0.659392
0.202381       0.626866
0.22619       0.601732
0.25       0.675655
0.27381       0.626866
0.297619       0.597297
0.321429       0.597297
0.345238        0.56477
0.369048       0.653478
0.392857       0.674176
0.416667       0.666784
0.440476       0.629823
0.464286        0.61356
0.488095       0.687482
0.511905        0.71853
0.535714       0.730358
0.559524       0.625387
0.583333       0.678612
0.607143       0.646086
0.630952       0.625387
0.654762       0.629823
0.678571       0.659392
0.702381       0.589904
0.72619       0.669741
0.75       0.604689
0.77381       0.629823
0.797619       0.616516
0.821429       0.604689
0.845238       0.623909
0.869048       0.579555
0.892857       0.606167
0.916667        0.58399
0.940476       0.665306
0.964286       0.607646
0.988095       0.601732
1.0119       0.637215
1.03571       0.646086
1.05952       0.691918
1.08333       0.666784
1.10714       0.681569
1.13095       0.696353
1.15476       0.693396
1.17857       0.430231
1.20238      0.0576598
1.22619              0
1.25              0
1.263              0
1.27381              0
1.29762              0
1.32143              0
1.34524              0
1.36905              0
1.39286              0
1.41667              0
1.44048              0
1.46429              0
1.4881              0
