-1.4881              0
-1.46429              0
-1.44048              0
-1.41667              0
-1.39286              0
-1.36905              0
-1.34524              0
-1.32143              0
-1.29762              0
-1.27381              0
-1.263              0
-1.25              0
-1.22619              0
-1.20238      0.0552788
-1.17857        0.41255
-1.15476       0.675588
-1.13095       0.697848
-1.10714       0.674104
-1.08333       0.681524
-1.05952       0.658522
-1.03571       0.658522
-1.0119       0.642198
-0.988095       0.635891
-0.964286       0.649989
-0.940476       0.640714
-0.916667        0.62402
-0.892857       0.600647
-0.869048       0.618826
-0.845238       0.591743
-0.821429       0.615116
-0.797619       0.648876
-0.77381       0.628471
-0.75       0.602502
-0.72619       0.622907
-0.702381       0.619939
-0.678571       0.608438
-0.654762       0.638859
-0.630952       0.651473
-0.607143       0.644053
-0.583333       0.669652
-0.559524       0.672249
-0.535714       0.643311
-0.511905       0.645908
-0.488095       0.649618
-0.464286       0.647021
-0.440476       0.659635
-0.416667       0.670394
-0.392857       0.651844
-0.369048       0.667426
-0.345238       0.636633
-0.321429       0.655925
-0.297619       0.657038
-0.27381       0.653328
-0.25       0.672249
-0.22619        0.62031
-0.202381       0.635891
-0.178571       0.585065
-0.154762        0.60176
-0.130952        0.63181
-0.107143       0.624762
-0.0833333       0.608438
-0.0595238       0.608809
-0.0357143       0.618826
-0.0119048       0.641827
0.0119048       0.630326
0.0357143       0.632552
0.0595238       0.640714
0.0833333       0.621794
0.107143       0.621052
0.130952       0.604357
0.154762       0.623278
0.178571       0.660006
0.202381       0.619568
0.22619       0.611035
0.25       0.629584
0.27381       0.617713
0.297619       0.606954
0.321429       0.629584
0.345238        0.63181
0.369048       0.638488
0.392857       0.665942
0.416667       0.642198
0.440476       0.648876
0.464286        0.63923
0.488095       0.648876
0.511905       0.671136
0.535714       0.651102
0.559524       0.608438
0.583333       0.649618
0.607143       0.645537
0.630952       0.618455
0.654762       0.619939
0.678571       0.630326
0.702381       0.588775
0.72619       0.613261
0.75       0.585807
0.77381       0.615487
0.797619       0.596937
0.821429       0.590259
0.845238        0.59063
0.869048       0.583952
0.892857       0.593969
0.916667       0.588033
0.940476       0.618826
0.964286       0.578016
0.988095       0.608438
1.0119       0.632552
1.03571       0.636262
1.05952       0.648505
1.08333       0.659264
1.10714       0.676701
1.13095       0.678185
1.15476        0.65407
1.17857        0.41626
1.20238      0.0589888
1.22619              0
1.25              0
1.263              0
1.27381              0
1.29762              0
1.32143              0
1.34524              0
1.36905              0
1.39286              0
1.41667              0
1.44048              0
1.46429              0
1.4881              0
