-1.4881              0
-1.46429              0
-1.44048              0
-1.41667              0
-1.39286              0
-1.36905              0
-1.34524              0
-1.32143              0
-1.29762              0
-1.27381              0
-1.263              0
-1.25              0
-1.22619    0.000423923
-1.20238      0.0521425
-1.17857       0.437488
-1.15476       0.699472
-1.13095       0.680396
-1.10714       0.669374
-1.08333       0.642243
-1.05952       0.671494
-1.03571       0.653689
-1.0119       0.687179
-0.988095       0.649026
-0.964286       0.607057
-0.940476       0.603666
-0.916667       0.618079
-0.892857       0.627406
-0.869048        0.64945
-0.845238       0.630797
-0.821429       0.635884
-0.797619       0.631221
-0.77381       0.641395
-0.75        0.60197
-0.72619       0.624014
-0.702381        0.62783
-0.678571       0.654113
-0.654762       0.653265
-0.630952       0.637156
-0.607143       0.639275
-0.583333       0.669798
-0.559524       0.665983
-0.535714        0.67107
-0.511905       0.710494
-0.488095       0.664287
-0.464286       0.632917
-0.440476       0.641395
-0.416667       0.614264
-0.392857       0.631645
-0.369048       0.624862
-0.345238       0.654961
-0.321429       0.617231
-0.297619        0.62571
-0.27381       0.599003
-0.25       0.615536
-0.22619       0.606209
-0.202381       0.616384
-0.178571       0.610873
-0.154762       0.643939
-0.130952       0.600275
-0.107143        0.62571
-0.0833333       0.610449
-0.0595238       0.624014
-0.0357143       0.654113
-0.0119048       0.626982
0.0119048       0.645634
0.0357143       0.602394
0.0595238       0.632493
0.0833333       0.655384
0.107143       0.648602
0.130952       0.651993
0.154762       0.642243
0.178571       0.632917
0.202381        0.61596
0.22619       0.609601
0.25       0.603666
0.27381       0.639699
0.297619       0.632917
0.321429       0.632069
0.345238       0.614264
0.369048       0.619351
0.392857       0.629101
0.416667       0.626982
0.440476       0.604938
0.464286       0.597731
0.488095       0.632917
0.511905       0.661319
0.535714       0.607905
0.559524       0.619775
0.583333       0.644786
0.607143       0.621895
0.630952       0.628253
0.654762       0.644786
0.678571       0.646906
0.702381       0.618927
0.72619       0.610873
0.75       0.661743
0.77381       0.612992
0.797619       0.615536
0.821429       0.612992
0.845238       0.606209
0.869048       0.579078
0.892857       0.585013
0.916667       0.589253
0.940476       0.610025
0.964286       0.584589
0.988095       0.619351
1.0119       0.630797
1.03571       0.653265
1.05952        0.64521
1.08333        0.64521
1.10714       0.661319
1.13095        0.68082
1.15476       0.676581
1.17857        0.41714
1.20238      0.0529903
1.22619              0
1.25              0
1.263              0
1.27381              0
1.29762              0
1.32143              0
1.34524              0
1.36905              0
1.39286              0
1.41667              0
1.44048              0
1.46429              0
1.4881              0
