-1.4881              0
-1.46429              0
-1.44048              0
-1.41667              0
-1.39286              0
-1.36905              0
-1.34524              0
-1.32143              0
-1.29762              0
-1.27381              0
-1.263              0
-1.25              0
-1.22619    0.000987275
-1.20238      0.0523256
-1.17857       0.432427
-1.15476       0.698004
-1.13095       0.658513
-1.10714       0.698991
-1.08333       0.634818
-1.05952       0.654563
-1.03571       0.615072
-1.0119         0.6595
-0.988095       0.622971
-0.964286       0.569658
-0.940476       0.560772
-0.916667       0.576569
-0.892857       0.625932
-0.869048       0.657525
-0.845238       0.615072
-0.821429       0.627907
-0.797619       0.591378
-0.77381       0.629882
-0.75        0.59434
-0.72619       0.602238
-0.702381       0.624945
-0.678571       0.640742
-0.654762        0.62692
-0.630952       0.623958
-0.607143       0.652589
-0.583333       0.688131
-0.559524       0.682207
-0.535714       0.669373
-0.511905       0.689118
-0.488095       0.662462
-0.464286       0.591378
-0.440476       0.629882
-0.416667       0.608161
-0.392857       0.615072
-0.369048       0.608161
-0.345238       0.633831
-0.321429       0.576569
-0.297619       0.602238
-0.27381       0.567683
-0.25       0.615072
-0.22619       0.574594
-0.202381        0.56176
-0.178571       0.549912
-0.154762       0.620996
-0.130952       0.589403
-0.107143       0.604212
-0.0833333       0.634818
-0.0595238       0.638767
-0.0357143       0.656538
-0.0119048       0.661474
0.0119048       0.677271
0.0357143       0.612111
0.0595238       0.675296
0.0833333       0.682207
0.107143       0.676283
0.130952       0.682207
0.154762       0.644691
0.178571       0.663449
0.202381       0.611123
0.22619       0.636792
0.25       0.628894
0.27381        0.63778
0.297619        0.61606
0.321429       0.608161
0.345238       0.619022
0.369048       0.638767
0.392857        0.63778
0.416667       0.625932
0.440476       0.617047
0.464286       0.597301
0.488095       0.647652
0.511905       0.660487
0.535714       0.634818
0.559524       0.647652
0.583333       0.639754
0.607143       0.638767
0.630952       0.660487
0.654762       0.690105
0.678571       0.708864
0.702381       0.633831
0.72619       0.639754
0.75       0.675296
0.77381       0.630869
0.797619       0.624945
0.821429        0.61606
0.845238       0.612111
0.869048       0.575581
0.892857       0.586441
0.916667       0.617047
0.940476       0.640742
0.964286       0.617047
0.988095       0.629882
1.0119       0.678258
1.03571       0.669373
1.05952       0.650614
1.08333       0.646665
1.10714       0.653576
1.13095       0.656538
1.15476       0.660487
1.17857       0.420579
1.20238      0.0671347
1.22619              0
1.25              0
1.263              0
1.27381              0
1.29762              0
1.32143              0
1.34524              0
1.36905              0
1.39286              0
1.41667              0
1.44048              0
1.46429              0
1.4881              0
