8.57982       -10.2776     -0.0438461
-9.62885       -7.25877       -0.29349
-1.45941        7.90715       -1.39272
5.98541       -3.16668       -1.11491
6.1926        5.04169       -1.07866
-6.02018       -10.3616       0.609253
-4.89933        -5.8435      -0.794081
2.76848       -6.92155        1.36193
-1.54925         1.9805       -1.01238
1.32175       -9.98691         1.5122
8.02687        -7.8624        1.48957
8.31345        3.58382      -0.347368
9.88756       -2.77105       0.718186
1.19161        3.17979       -1.35941
-5.77305        3.31544        -1.4697
4.83193        5.65158        1.45097
9.22815        1.82663      -0.527063
-4.48553        8.46858       0.694799
-4.30593        9.62499       0.171775
6.61451       -5.77953         1.2468
-9.94605       -4.84816        1.52036
-10.0776       -9.68771       0.471897
-0.664961       -10.7004       -1.52393
0.450242       -6.97352      -0.981143
-7.15438        6.75338      -0.139156
10.5483       -5.26986      -0.140396
-2.64497        5.53336       0.185785
-5.20381        6.82062     -0.0270558
-7.16907       -9.37459      -0.990891
-2.85764      -0.853175       0.328285
4.30459        -10.564      -0.289626
5.10405        6.72215       0.772096
3.80475       0.276819        1.19205
-8.22165        4.04312       -0.11969
5.46155        8.62102       -0.74171
0.70493        9.31966      0.0219401
9.85739        9.00582       -1.08094
-7.09458        2.60153       0.963982
-4.04724       -9.54327        1.47869
-6.473       -5.04703      -0.250691
7.65342       -9.85524        1.43225
7.55571        -3.8567       0.596072
10.4566        10.5615      -0.737914
-2.78163        7.43097       0.668344
0.0313311       -1.70937        1.12288
-3.38964        8.75142        0.16728
2.57471       -9.46161        1.14527
7.79813       -2.53706       -1.58846
1.95183       -5.21801       0.609652
7.83233         5.5902       -1.18595
4.18192         7.4204      -0.449776
8.32528         4.4525       -1.45595
5.96737       -1.86525       0.538202
1.55242       -10.3955       0.169712
-9.56119       -9.92061        1.59499
2.92861        6.68197     0.00554675
7.24694       -1.16793         1.2234
-3.18998        1.34855       0.532718
10.2457        2.46669      -0.172686
-9.58375        1.41757      -0.532219
-8.14066       0.547731       0.204109
-0.810055       -6.82324       0.257593
-1.344        5.06263        1.36259
-1.99378        3.95211      -0.988534
-6.57637         2.4392      0.0542083
-8.9167        -4.8172       -1.20085
-3.78891       -7.88947      -0.781383
-2.29855       -4.62426       0.249856
-10.5321        8.91054        1.36871
-6.04728        6.44428         1.3925
6.88445        9.81795      -0.843016
3.06498        6.41539       -1.47628
6.81507       -6.88564       -1.56423
-7.8481       -6.69742       0.926529
-7.33943       -5.57785      0.0404392
-7.18104       -3.95225      -0.329303
-8.48663        5.51474       -1.50087
0.217511        8.54127        1.10534
-1.0916        6.04556      -0.405164
2.6408        8.06204         1.3581
-9.02849       -6.77157        -1.1559
5.96352       -2.72944        1.44153
6.36248        2.36444        1.59867
10.5656        4.74348      -0.398837
-7.44786       -1.38856        1.25615
-5.0729        7.43934        1.54443
-7.52084        1.16661        1.46941
3.55361        4.09058      -0.274586
-4.52579       0.387227       -1.50803
2.10529       -3.29489        1.20237
-2.19222         1.8128       0.982115
-5.63285        1.70035       0.736763
7.07018        9.94172       0.565164
-2.35262       0.541086        1.00961
4.40847       -6.00135        -1.5687
5.90796       -7.99626      -0.829363
-5.79425       -6.41207       -1.21675
6.84549         6.3406      -0.211026
0.622013        5.10748       0.309794
5.22279      -0.571269      -0.505908
-1.53541        1.00187      -0.915094
-4.82482        9.28554       -1.28943
-2.07578       -2.83054      -0.309365
-7.98155        1.89953      -0.789777
4.0044       -7.46627      -0.259536
1.4592          1.131       -1.15018
7.27566        7.89554      -0.691174
-5.31398        -7.5922        1.20115
-1.09818         9.9137       0.137448
8.25012       -7.40395       0.448425
-9.1348        8.36134        -1.0171
1.41938        7.31377       0.841125
9.0871        8.93517         1.1268
4.09575       0.976607       -1.24515
-5.86029       -9.22275     -0.0167463
-1.58826       -1.45097       -0.23175
1.08276       -4.71349      -0.933676
-3.29707        5.66483        1.27293
-7.65875        6.79162        1.60247
8.55467       0.843408       0.731094
10.5304       -4.01598       -1.37104
-10.3006       -1.66228       -1.49791
3.33827       -5.55361      0.0240733
-8.37333       -2.14433       -1.03068
-10.062        5.31081        1.17958
0.0931171       -6.05515       -1.60094
-9.13299        10.5546       0.655957
-2.51728       0.780933      -0.235598
-5.9311       -7.86903       0.142957
-10.6082       -2.65657      -0.629055
-3.46186       -5.47136        1.10014
-10.0322       -5.68087       0.299958
4.27046        5.04236      -0.926355
-1.17767       -7.57754      -0.963638
-7.98887       -3.52907      -0.909885
-3.13032        -8.8509       0.574851
-9.78969       -1.06957       0.111598
-5.06288       -3.11809       -1.47737
-5.0583       -2.61048        1.21085
0.300366       -5.11532       0.616378
4.1447        9.67099       0.493085
1.25095        2.59374      -0.413461
3.03337       -3.52813      -0.400364
7.57808       -4.60721      -0.608513
4.05462        -4.3941      -0.369637
-5.1079       -8.25441      -0.640353
3.5796       -2.46073        1.56552
7.17336        3.59923       -1.22539
-10.1381        2.30906      -0.831812
-9.04827        7.03304       -1.49537
1.53823       -5.73072       -1.56082
-3.63358       -3.68678       0.509446
-1.99291       -3.63016       -1.57383
-8.90269       -9.69604       -1.23935
4.83738        1.79395      -0.360582
-4.51973        3.19723      -0.828914
6.79976       -7.73148       -0.21408
3.28753        5.40974       0.564451
8.61607      -0.579023      -0.413475
-2.29243        3.83289        1.36901
8.6018         9.0878       -1.57309
-6.28166        7.18232      -0.531377
9.78018         5.9849      -0.416035
-6.94312        4.56013      -0.429815
0.313373       -3.82057       -1.35541
-2.01747       -9.73179       -1.49318
-0.652681        4.96304       -1.34955
-0.684405       -8.31122        1.23919
2.4282      -0.100567        1.12643
-5.16195        1.68865      -0.722216
6.40245       -4.61958      -0.423146
-10.1208       -6.72936        1.29567
-4.68479       -4.03611      -0.337247
3.45388        -2.6169       -1.14005
9.03482       -10.1589       -1.62459
0.197459       -9.74206       -1.49775
4.39013       -6.00772       0.718363
-6.19154        8.82591      -0.390461
9.01261       -6.68871       -1.44974
6.81418         1.7456       0.896543
1.84805      -0.595335       -1.10793
-1.00634       -0.67294       -1.47664
7.04336        -1.1442       -1.45641
1.11268        3.51313        1.36959
-7.30863        9.48368       0.998817
-1.64216        8.95781      -0.706395
-6.15405      -0.305845        1.56042
-5.07708        5.55267      -0.559772
4.66451         5.5148       0.274183
-1.64522       -5.02619        1.35027
-6.52294        7.17346       -1.51454
10.5756      -0.994642        1.51088
8.86141       -2.63182       -1.10603
-2.56872       -2.67566        1.57074
-9.89731        6.02787       0.419821
0.316822       0.137215        0.00833
5.76868       -9.27968        1.15853
2.42361        -7.5694       0.437589
4.70012       -9.76197        1.41925
8.64813       -7.97917        -1.1456
-4.10199       -4.73301        1.48711
0.158515        5.83074        1.13494
8.90324       -1.64951        1.42094
9.37938        7.19158        1.18588
-4.25257       -4.65369       -1.52908
-8.30103       -3.86538        0.46592
0.429783       -3.69289      -0.231667
8.03255        3.64069        1.35838
8.89566        -3.3014        1.27133
7.97429        9.24748        1.30297
4.41878        2.92699       0.326086
-4.11729        8.12231       -1.35766
-1.11407        6.34285        1.22392
10.477        10.6922        1.22149
7.33736        2.39704      -0.123612
10.0145        4.31026        1.09064
-5.46029        9.91296       0.544874
0.259044        2.01662        1.34143
4.79482        3.05006       -0.87463
3.31318       -8.71403        -0.7702
-2.32064        6.30582      -0.595314
-2.18724        9.04192       0.799596
1.90404        2.31498       -1.51813
4.67485       -9.26324       0.526742
1.69068        4.94984      -0.434871
-5.69252        8.05383       0.570222
-7.30913        3.05772      -0.580198
-6.18196       -0.21981       0.461701
-0.877268       -9.90766        1.39604
-3.5377         6.3672      -0.651105
-6.84528        10.0398       0.143834
-3.50558       -2.17023        -1.3855
-10.2369        3.66917       0.754095
-2.34744       -1.89758       -1.21789
10.0911       -1.74791       0.563692
-6.74613        3.56248       0.352758
-1.38829       -4.30138      -0.487916
-6.43894        7.92991          1.501
3.69474       -3.02905       0.255844
-8.55677       -7.90942       0.290461
2.51163       -4.95587       -1.43401
5.56321        5.72305      -0.434728
-2.10034       -8.51951       -1.33421
5.64053       -4.87604       0.422286
5.678         10.056       0.984466
5.43053       -5.78951        1.25678
-0.272598         9.2264       -1.47549
-1.04672       -2.00171       -1.48184
-4.8192         9.4491        1.48823
-9.41767       -2.99884       -1.56512
-3.37541      -0.297774        1.12981
-7.59206        3.02124       -1.61776
-6.04869         1.3132       -1.54113
9.49668       -4.15655      -0.739641
2.41718       -8.44366        1.43158
3.34995         10.428      -0.377942
3.38225        1.60645       -1.23145
-2.61132        2.11788      -0.344747
-3.42765        2.53392       0.244661
-8.24626       -5.52387        1.06629
-5.63386        -5.0508       -1.49368
-8.33393       -9.70692        1.23224
9.4783       -7.01691       0.302567
9.22726       -10.3779       0.714293
-5.99083        9.83444       -1.06654
-0.745765       -8.50146      -0.405039
1.47857       -7.10124      -0.816282
4.28405        8.76679        1.30082
-8.68496       -2.51078       0.299189
-7.09409        -5.7631       -1.06337
9.18214        10.5007      -0.573847
-9.29773       -6.79782       0.613373
7.93583        2.48924        -1.2011
9.27094        7.44759     0.00701677
3.60823      0.0977342      -0.202864
-5.4664        3.26436      -0.387411
-4.95933        3.26334        1.42435
4.49065       -1.77589      -0.976331
0.981582        4.09401       -0.89715
-10.6377         1.2415     -0.0353195
5.0417        4.10832       -1.12085
-1.31655        7.51931      -0.245243
3.71432          -4.33       -1.50742
-6.74636        1.02517       0.410938
-10.4295         -6.567        -1.1834
-3.20803       -10.2297      -0.339446
-7.16307       -7.68315        1.59927
1.10779        6.34196       0.624811
3.87906         8.7162       -1.52755
-6.06861         6.1938       -1.13711
-1.80029       -9.88753      -0.508957
1.92515        9.86926       -1.13528
7.50528       -3.80097       -1.37705
-10.0217       -5.43157       -1.28862
10.6935        6.70647        0.45446
-5.35024        8.18335      -0.983543
-1.22546        1.40209       0.642635
1.922       -3.93259       -1.35461
-8.27245        7.56583       0.235931
2.93215        -1.3035      -0.988272
-8.02554        7.09723       -1.08872
-6.92422      -0.104393       -1.31453
8.10618       -5.67808        1.22383
-0.279597       -2.98769       0.951867
-10.0584        1.02652        1.29321
10.2749        7.22387      -0.813009
9.1586         5.1071      -0.885969
-3.66531       -2.56677       0.846655
5.97963       -5.79502       -1.51422
-5.17398         2.7442       0.476501
4.33406        4.07989        1.35708
-0.0810567       -8.10563        -1.3954
-7.48508       -7.64519      0.0811964
0.0799751        6.52082     -0.0299418
-7.67072       -2.97438       0.286468
-7.63711        10.5261       0.569301
0.632082       -4.10805        1.27462
-1.46503       -1.96487          1.208
4.88473       -3.96808       -1.23597
-4.74723       -9.83818       0.712594
-4.85618       -9.42948       -1.41257
-5.14916       -6.01541       0.932684
-4.15921       -10.6071      -0.761932
6.67071       -10.6105      -0.105357
4.96127       -3.14385      -0.278206
-4.04412       -4.95374       0.189302
6.28122        10.4104        -1.5966
0.205639        2.33291       -1.58966
-3.06317        8.44975      -0.739332
6.82851        -4.9295       -1.37417
2.48938      -0.921973       0.213063
-9.65079       -4.51401      -0.361092
-6.43658       -9.82593         1.4752
-7.29401       -1.42291     -0.0742329
2.93934        2.74195       -1.31929
-8.18989        6.01378      -0.170817
2.57644       -10.3708        1.60112
0.238242       -5.67576      -0.345484
7.2088       -6.40073       0.492261
-2.50426        6.40065       0.933488
-8.58826       -1.69463      -0.171766
3.29917        5.57702      -0.693643
-7.71177       -9.50161       0.152373
8.44045        6.27088     -0.0143894
-9.2077        8.68714       0.455414
0.725144       -7.71285       0.229004
-9.669        5.18414       -1.39723
-5.20117      0.0549078        1.28675
-0.482986        4.63524        0.32972
-6.35801       -3.78904       0.328795
-7.04732       -2.73457        -1.3526
-10.5076          7.969      -0.605435
6.90166        4.57153      -0.287609
1.55254        1.36863       0.840714
8.55001        -9.2166        1.12074
7.14      0.0121984       0.411981
4.63455         6.1906       -1.54559
-0.0421014        3.86331      -0.954671
-1.67668        2.87669      -0.383082
-9.91823      -0.540585      -0.850081
-6.93361        5.41069        1.49297
7.02735       -1.86272      -0.137065
-3.03436       -6.41153       0.870198
4.76601       -1.68882        1.40807
-1.03816      -0.545537      0.0808263
-9.4491        7.11613       0.566346
-3.70705        9.14207       -1.00721
7.43679       -2.43824        1.16217
-10.2891       -9.64391      -0.821318
10.1168       0.251319        1.00394
-2.33505       -4.30349       -1.02874
-6.56799       -7.37622      -0.717761
-4.51942        6.02624       -1.55327
3.49426       -5.38215        1.07279
5.78676       -1.91294       -1.47435
0.0147059       -7.04772         1.2426
4.21161       -8.02899       0.557455
-3.53046      -0.644515      -0.940244
4.48258        7.53293        1.22156
8.34875       -10.5995        1.35707
-4.57144        1.46918       -1.51086
0.120671         7.5725      -0.120921
-5.92345       -4.24001        1.35462
-4.51122        6.59363        1.12197
9.48005       -8.83848       -1.39781
3.46076         10.223        1.45693
-3.98368       -7.04445     -0.0850493
-4.00999         7.5779        1.36118
8.70743        -1.0361       -1.50125
-9.68919       -8.88918        1.00087
-8.9404        1.00395        1.11003
7.25773        6.98524        1.50968
-3.20305        1.75337       -1.32702
-10.4175       -2.30742       0.511814
9.46335        2.44444        1.45429
-1.51372        -7.2479       0.995951
-0.791042        8.62167      -0.265977
2.77448        1.40084       0.669954
4.3819       -10.3864       -1.35881
6.73611        8.17965         0.9267
-2.85668        3.92612      -0.400646
8.06201        9.14482      -0.390816
1.96948        -3.6648       0.210747
1.4691       -2.30433         1.1838
-9.86132        4.82563      -0.197558
-0.582544        2.69941      -0.914994
-7.99639        5.09545        1.08873
9.73532        8.18664        1.09466
-2.68189       -7.76919        1.15822
0.724234       -6.22576       0.739077
8.50636        10.0956       0.504657
-6.41763        -6.4031     0.00780016
-8.83042       -5.73001      -0.469337
6.03676        2.28638       -1.24889
8.26722       -7.17622      -0.497257
8.32476       -4.26045        1.39182
-9.1739      -0.209785       0.710972
9.70571        5.73922       0.821015
5.16969        9.80169      -0.624227
5.89347      -0.679613         1.0048
1.58207         8.6541        1.32232
5.38568        1.97006        1.37661
-1.29752       -4.78049       0.374242
1.4479        -8.1603       -1.29861
