-1.4881              0
-1.46429              0
-1.44048              0
-1.41667              0
-1.39286              0
-1.36905              0
-1.34524              0
-1.32143              0
-1.29762              0
-1.27381      0.0958612
-1.263       0.277998
-1.25       0.555995
-1.22619       0.872337
-1.20238        0.76689
-1.17857       0.881923
-1.15476       0.958612
-1.13095       0.949026
-1.10714        0.76689
-1.08333       0.843579
-1.05952       0.757304
-1.03571       0.575167
-1.0119       0.690201
-0.988095        0.64227
-0.964286       0.421789
-0.940476       0.527237
-0.916667       0.517651
-0.892857       0.498478
-0.869048       0.671029
-0.845238       0.776476
-0.821429       0.661442
-0.797619       0.690201
-0.77381       0.651856
-0.75       0.651856
-0.72619       0.776476
-0.702381       0.728545
-0.678571       0.508065
-0.654762       0.575167
-0.630952       0.488892
-0.607143        0.64227
-0.583333       0.690201
-0.559524       0.690201
-0.535714       0.718959
-0.511905       0.690201
-0.488095       0.709373
-0.464286       0.613512
-0.440476       0.555995
-0.416667       0.402617
-0.392857       0.671029
-0.369048       0.479306
-0.345238       0.555995
-0.321429       0.402617
-0.297619        0.59434
-0.27381       0.718959
-0.25       0.613512
-0.22619        0.46972
-0.202381       0.450548
-0.178571       0.623098
-0.154762       0.690201
-0.130952       0.671029
-0.107143       0.603926
-0.0833333       0.517651
-0.0595238       0.718959
-0.0357143       0.757304
-0.0119048       0.757304
0.0119048       0.824407
0.0357143       0.690201
0.0595238        0.64227
0.0833333        0.76689
0.107143       0.555995
0.130952       0.690201
0.154762       0.661442
0.178571       0.623098
0.202381       0.690201
0.22619       0.536823
0.25       0.517651
0.27381       0.584753
0.297619       0.603926
0.321429       0.527237
0.345238       0.508065
0.369048       0.575167
0.392857       0.488892
0.416667       0.613512
0.440476       0.555995
0.464286       0.603926
0.488095       0.661442
0.511905       0.479306
0.535714       0.546409
0.559524       0.632684
0.583333       0.479306
0.607143       0.450548
0.630952       0.479306
0.654762       0.460134
0.678571       0.488892
0.702381       0.479306
0.72619       0.460134
0.75       0.555995
0.77381       0.479306
0.797619       0.555995
0.821429       0.421789
0.845238       0.508065
0.869048       0.431376
0.892857       0.450548
0.916667       0.393031
0.940476        0.46972
0.964286       0.383445
0.988095       0.373859
1.0119       0.450548
1.03571       0.488892
1.05952       0.450548
1.08333       0.555995
1.10714       0.565581
1.13095       0.440962
1.15476       0.613512
1.17857       0.479306
1.20238       0.431376
1.22619       0.565581
1.25       0.431376
1.263       0.325928
1.27381       0.115033
1.29762              0
1.32143              0
1.34524              0
1.36905              0
1.39286              0
1.41667              0
1.44048              0
1.46429              0
1.4881              0
