-1.4881              0
-1.46429              0
-1.44048              0
-1.41667              0
-1.39286              0
-1.36905              0
-1.34524              0
-1.32143              0
-1.29762              0
-1.27381      0.0869765
-1.263       0.246434
-1.25       0.536355
-1.22619       0.804533
-1.20238       0.768293
-1.17857       0.753797
-1.15476        0.96399
-1.13095       0.797285
-1.10714       0.688564
-1.08333       0.710308
-1.05952       0.761045
-1.03571       0.616084
-1.0119       0.753797
-0.988095       0.637828
-0.964286       0.492867
-0.940476       0.688564
-0.916667       0.471123
-0.892857       0.637828
-0.869048       0.659572
-0.845238       0.724804
-0.821429       0.550851
-0.797619       0.659572
-0.77381       0.623332
-0.75        0.59434
-0.72619       0.688564
-0.702381       0.659572
-0.678571       0.558099
-0.654762       0.521859
-0.630952       0.514611
-0.607143       0.601588
-0.583333       0.695812
-0.559524       0.681316
-0.535714       0.674068
-0.511905       0.724804
-0.488095       0.616084
-0.464286       0.601588
-0.440476       0.579844
-0.416667       0.456627
-0.392857       0.608836
-0.369048        0.59434
-0.345238       0.601588
-0.321429       0.507363
-0.297619       0.601588
-0.27381       0.717556
-0.25       0.558099
-0.22619       0.391394
-0.202381       0.434883
-0.178571       0.521859
-0.154762       0.601588
-0.130952       0.536355
-0.107143       0.529107
-0.0833333       0.529107
-0.0595238       0.637828
-0.0357143       0.645076
-0.0119048        0.70306
0.0119048       0.753797
0.0357143       0.732052
0.0595238       0.717556
0.0833333       0.775541
0.107143        0.59434
0.130952       0.674068
0.154762       0.761045
0.178571       0.717556
0.202381        0.66682
0.22619       0.565347
0.25       0.550851
0.27381       0.558099
0.297619       0.587092
0.321429       0.529107
0.345238       0.529107
0.369048       0.514611
0.392857       0.681316
0.416667       0.514611
0.440476       0.587092
0.464286       0.587092
0.488095       0.601588
0.511905       0.500115
0.535714        0.59434
0.559524       0.572595
0.583333       0.543603
0.607143       0.507363
0.630952       0.514611
0.654762       0.398642
0.678571       0.608836
0.702381       0.442131
0.72619       0.420387
0.75       0.514611
0.77381       0.572595
0.797619       0.616084
0.821429       0.398642
0.845238       0.521859
0.869048       0.529107
0.892857       0.442131
0.916667       0.500115
0.940476       0.485619
0.964286       0.471123
0.988095       0.442131
1.0119       0.449379
1.03571       0.558099
1.05952       0.463875
1.08333       0.536355
1.10714       0.616084
1.13095       0.529107
1.15476        0.59434
1.17857       0.521859
1.20238       0.514611
1.22619       0.521859
1.25       0.507363
1.263       0.304418
1.27381       0.115969
1.29762              0
1.32143              0
1.34524              0
1.36905              0
1.39286              0
1.41667              0
1.44048              0
1.46429              0
1.4881              0
