-1.4881              0
-1.46429              0
-1.44048              0
-1.41667              0
-1.39286              0
-1.36905              0
-1.34524              0
-1.32143              0
-1.29762              0
-1.27381      0.0990566
-1.263        0.29717
-1.25       0.566038
-1.22619       0.891509
-1.20238       0.820755
-1.17857       0.877358
-1.15476        1.04717
-1.13095        1.01887
-1.10714       0.721698
-1.08333       0.849057
-1.05952       0.891509
-1.03571       0.650943
-1.0119       0.665094
-0.988095       0.650943
-0.964286       0.424528
-0.940476       0.622642
-0.916667       0.509434
-0.892857       0.495283
-0.869048       0.650943
-0.845238       0.721698
-0.821429       0.707547
-0.797619           0.75
-0.77381       0.721698
-0.75           0.75
-0.72619       0.820755
-0.702381       0.834906
-0.678571       0.509434
-0.654762       0.608491
-0.630952       0.509434
-0.607143       0.665094
-0.583333       0.863208
-0.559524       0.650943
-0.535714       0.778302
-0.511905       0.820755
-0.488095       0.721698
-0.464286       0.608491
-0.440476       0.523585
-0.416667       0.438679
-0.392857       0.636792
-0.369048       0.551887
-0.345238       0.523585
-0.321429       0.367925
-0.297619       0.707547
-0.27381       0.778302
-0.25       0.665094
-0.22619       0.509434
-0.202381       0.481132
-0.178571           0.75
-0.154762       0.778302
-0.130952       0.665094
-0.107143       0.580189
-0.0833333       0.537736
-0.0595238           0.75
-0.0357143       0.636792
-0.0119048       0.693396
0.0119048       0.778302
0.0357143       0.665094
0.0595238       0.693396
0.0833333           0.75
0.107143       0.580189
0.130952       0.721698
0.154762       0.636792
0.178571       0.650943
0.202381       0.679245
0.22619       0.481132
0.25       0.566038
0.27381       0.509434
0.297619       0.622642
0.321429       0.466981
0.345238       0.466981
0.369048       0.466981
0.392857       0.580189
0.416667       0.466981
0.440476       0.580189
0.464286       0.481132
0.488095       0.622642
0.511905        0.45283
0.535714       0.608491
0.559524       0.608491
0.583333        0.45283
0.607143       0.438679
0.630952       0.438679
0.654762       0.410377
0.678571        0.45283
0.702381       0.353774
0.72619       0.466981
0.75        0.45283
0.77381       0.481132
0.797619       0.551887
0.821429       0.382075
0.845238       0.495283
0.869048       0.481132
0.892857       0.367925
0.916667       0.438679
0.940476       0.509434
0.964286       0.367925
0.988095       0.438679
1.0119       0.424528
1.03571       0.523585
1.05952       0.367925
1.08333       0.424528
1.10714        0.45283
1.13095       0.367925
1.15476       0.495283
1.17857       0.382075
1.20238       0.353774
1.22619        0.45283
1.25       0.438679
1.263       0.367925
1.27381       0.127358
1.29762              0
1.32143              0
1.34524              0
1.36905              0
1.39286              0
1.41667              0
1.44048              0
1.46429              0
1.4881              0
