-1.4881              0
-1.46429              0
-1.44048              0
-1.41667              0
-1.39286              0
-1.36905              0
-1.34524              0
-1.32143              0
-1.29762              0
-1.27381       0.077044
-1.263       0.245807
-1.25        0.56499
-1.22619       0.726415
-1.20238       0.722746
-1.17857       0.649371
-1.15476       0.807128
-1.13095       0.708071
-1.10714       0.649371
-1.08333        0.59434
-1.05952       0.700734
-1.03571       0.649371
-1.0119       0.788784
-0.988095       0.774109
-0.964286       0.587002
-0.940476       0.704403
-0.916667       0.513627
-0.892857       0.649371
-0.869048       0.579665
-0.845238       0.645702
-0.821429       0.575996
-0.797619       0.609015
-0.77381       0.557652
-0.75       0.583333
-0.72619       0.575996
-0.702381       0.557652
-0.678571       0.528302
-0.654762       0.539308
-0.630952       0.546646
-0.607143       0.583333
-0.583333       0.598008
-0.559524       0.660377
-0.535714       0.627358
-0.511905       0.642034
-0.488095       0.612683
-0.464286       0.579665
-0.440476       0.579665
-0.416667       0.561321
-0.392857       0.671384
-0.369048       0.627358
-0.345238       0.590671
-0.321429       0.546646
-0.297619       0.598008
-0.27381       0.737421
-0.25        0.65304
-0.22619       0.447589
-0.202381       0.498952
-0.178571       0.642034
-0.154762       0.730084
-0.130952       0.642034
-0.107143       0.627358
-0.0833333       0.649371
-0.0595238       0.638365
-0.0357143       0.660377
-0.0119048       0.664046
0.0119048       0.733753
0.0357143        0.71174
0.0595238       0.656709
0.0833333       0.678721
0.107143       0.575996
0.130952       0.605346
0.154762       0.656709
0.178571       0.598008
0.202381       0.579665
0.22619       0.535639
0.25       0.517296
0.27381       0.480608
0.297619        0.47327
0.321429       0.451258
0.345238        0.47327
0.369048       0.469602
0.392857       0.561321
0.416667       0.609015
0.440476       0.535639
0.464286       0.535639
0.488095       0.524633
0.511905       0.609015
0.535714       0.642034
0.559524       0.491614
0.583333       0.535639
0.607143       0.579665
0.630952       0.553983
0.654762       0.454927
0.678571       0.513627
0.702381       0.480608
0.72619       0.531971
0.75       0.509958
0.77381       0.598008
0.797619       0.557652
0.821429       0.575996
0.845238       0.642034
0.869048       0.539308
0.892857       0.542977
0.916667       0.528302
0.940476       0.480608
0.964286       0.546646
0.988095       0.553983
1.0119       0.605346
1.03571       0.590671
1.05952        0.47327
1.08333       0.502621
1.10714       0.649371
1.13095       0.542977
1.15476       0.601677
1.17857       0.575996
1.20238       0.575996
1.22619       0.598008
1.25       0.502621
1.263        0.26782
1.27381       0.113732
1.29762              0
1.32143              0
1.34524              0
1.36905              0
1.39286              0
1.41667              0
1.44048              0
1.46429              0
1.4881              0
