-1.4881              0
-1.46429              0
-1.44048              0
-1.41667              0
-1.39286              0
-1.36905              0
-1.34524              0
-1.32143              0
-1.29762              0
-1.27381              0
-1.263              0
-1.25              0
-1.22619              0
-1.20238      0.0652324
-1.17857       0.384146
-1.15476       0.732052
-1.13095       0.724804
-1.10714       0.753797
-1.08333       0.811781
-1.05952       0.739301
-1.03571        0.70306
-1.0119       0.608836
-0.988095       0.884261
-0.964286       0.623332
-0.940476       0.833525
-0.916667       0.840773
-0.892857       0.775541
-0.869048       0.717556
-0.845238       0.616084
-0.821429       0.826277
-0.797619       0.674068
-0.77381       0.695812
-0.75       0.645076
-0.72619       0.587092
-0.702381       0.558099
-0.678571       0.558099
-0.654762        0.59434
-0.630952       0.674068
-0.607143       0.797285
-0.583333        0.66682
-0.559524       0.601588
-0.535714       0.652324
-0.511905       0.790037
-0.488095       0.681316
-0.464286       0.746549
-0.440476        0.59434
-0.416667       0.543603
-0.392857       0.623332
-0.369048       0.782789
-0.345238        0.63058
-0.321429       0.761045
-0.297619       0.688564
-0.27381       0.710308
-0.25       0.652324
-0.22619       0.695812
-0.202381       0.608836
-0.178571       0.608836
-0.154762       0.608836
-0.130952       0.558099
-0.107143       0.645076
-0.0833333       0.623332
-0.0595238       0.637828
-0.0357143       0.543603
-0.0119048       0.645076
0.0119048       0.529107
0.0357143       0.507363
0.0595238        0.70306
0.0833333       0.674068
0.107143       0.637828
0.130952        0.66682
0.154762       0.645076
0.178571       0.739301
0.202381       0.753797
0.22619       0.659572
0.25       0.753797
0.27381       0.833525
0.297619        0.63058
0.321429       0.761045
0.345238       0.674068
0.369048       0.543603
0.392857       0.442131
0.416667       0.456627
0.440476       0.565347
0.464286       0.514611
0.488095       0.442131
0.511905       0.478371
0.535714       0.398642
0.559524       0.456627
0.583333       0.492867
0.607143        0.33341
0.630952       0.478371
0.654762       0.442131
0.678571        0.40589
0.702381       0.471123
0.72619       0.471123
0.75       0.579844
0.77381       0.514611
0.797619       0.384146
0.821429       0.579844
0.845238        0.66682
0.869048       0.659572
0.892857       0.674068
0.916667       0.652324
0.940476       0.608836
0.964286        0.59434
0.988095       0.572595
1.0119       0.601588
1.03571       0.623332
1.05952       0.601588
1.08333        0.59434
1.10714        0.70306
1.13095       0.761045
1.15476        0.70306
1.17857       0.536355
1.20238       0.101473
1.22619              0
1.25              0
1.263              0
1.27381              0
1.29762              0
1.32143              0
1.34524              0
1.36905              0
1.39286              0
1.41667              0
1.44048              0
1.46429              0
1.4881              0
