-1.4881              0
-1.46429              0
-1.44048              0
-1.41667              0
-1.39286              0
-1.36905              0
-1.34524              0
-1.32143              0
-1.29762              0
-1.27381              0
-1.263              0
-1.25              0
-1.22619              0
-1.20238       0.053588
-1.17857       0.399474
-1.15476       0.740489
-1.13095       0.759975
-1.10714        0.80382
-1.08333       0.852536
-1.05952       0.789205
-1.03571       0.798948
-1.0119       0.643056
-0.988095       0.906124
-0.964286       0.662543
-0.940476        0.77459
-0.916667       0.779462
-0.892857       0.769719
-0.869048       0.696644
-0.845238       0.643056
-0.821429       0.721002
-0.797619       0.599211
-0.77381       0.711259
-0.75       0.647928
-0.72619        0.53588
-0.702381       0.579725
-0.678571       0.560238
-0.654762       0.613826
-0.630952       0.652799
-0.607143       0.730745
-0.583333       0.618698
-0.559524       0.531008
-0.535714       0.628441
-0.511905       0.691772
-0.488095       0.613826
-0.464286       0.647928
-0.440476       0.652799
-0.416667       0.521265
-0.392857       0.589468
-0.369048       0.798948
-0.345238       0.643056
-0.321429       0.730745
-0.297619       0.647928
-0.27381       0.696644
-0.25       0.672286
-0.22619       0.686901
-0.202381       0.608955
-0.178571       0.560238
-0.154762       0.706387
-0.130952       0.638184
-0.107143       0.618698
-0.0833333       0.574853
-0.0595238       0.628441
-0.0357143       0.569981
-0.0119048       0.589468
0.0119048       0.550495
0.0357143       0.467677
0.0595238       0.696644
0.0833333       0.599211
0.107143       0.667414
0.130952       0.643056
0.154762       0.550495
0.178571       0.657671
0.202381       0.721002
0.22619       0.584596
0.25       0.682029
0.27381       0.711259
0.297619       0.579725
0.321429       0.691772
0.345238       0.657671
0.369048        0.56511
0.392857       0.462805
0.416667       0.487164
0.440476       0.579725
0.464286       0.516393
0.488095       0.516393
0.511905       0.487164
0.535714       0.448191
0.559524       0.545623
0.583333       0.531008
0.607143       0.433576
0.630952       0.511522
0.654762       0.496907
0.678571        0.53588
0.702381       0.604083
0.72619       0.531008
0.75       0.550495
0.77381       0.579725
0.797619       0.467677
0.821429       0.584596
0.845238       0.691772
0.869048       0.711259
0.892857       0.686901
0.916667       0.667414
0.940476       0.618698
0.964286       0.638184
0.988095       0.662543
1.0119       0.569981
1.03571       0.652799
1.05952        0.59434
1.08333       0.613826
1.10714       0.706387
1.13095       0.730745
1.15476       0.662543
1.17857       0.521265
1.20238      0.0828178
1.22619              0
1.25              0
1.263              0
1.27381              0
1.29762              0
1.32143              0
1.34524              0
1.36905              0
1.39286              0
1.41667              0
1.44048              0
1.46429              0
1.4881              0
