-1.48215              0
-1.44645              0
-1.41075              0
-1.37505              0
-1.33935              0
-1.30365              0
-1.26795              0
-1.23225     2.4771e-05
-1.19655      0.0157296
-1.16085       0.204732
-1.143       0.396286
-1.12515       0.611669
-1.08945       0.899236
-1.05375       0.944096
-1.01805       0.885884
-0.98235       0.836714
-0.94665       0.792844
-0.91095       0.751625
-0.87525       0.712339
-0.83955       0.680706
-0.80385       0.659329
-0.76815       0.635474
-0.73245       0.609935
-0.69675       0.588533
-0.66105       0.574736
-0.62535        0.55866
-0.58965       0.560245
-0.55395       0.549841
-0.51825       0.561632
-0.48255       0.549618
-0.44685       0.560641
-0.41115       0.579096
-0.37545        0.58618
-0.33975        0.59272
-0.30405       0.589945
-0.26835       0.598912
-0.23265        0.60783
-0.19695        0.60617
-0.16125       0.613156
-0.12555       0.610282
-0.08985       0.613156
-0.05415       0.610257
-0.01845       0.613428
0.01725       0.621776
0.05295       0.615137
0.08865       0.612908
0.12435       0.616153
0.16005       0.615658
0.19575       0.618036
0.23145       0.617887
0.26715       0.612289
0.30285        0.61001
0.33855       0.594231
0.37425       0.595866
0.40995        0.57865
0.44565       0.564951
0.48135       0.557322
0.51705       0.546299
0.55275       0.555712
0.58845       0.553136
0.62415       0.559626
0.65985       0.574538
0.69555       0.593388
0.73125       0.618258
0.76695       0.634483
0.80265       0.653953
0.83835       0.679641
0.87405       0.708251
0.90975       0.753335
0.94545       0.790739
0.98115       0.831066
1.01685       0.873102
1.05255       0.934509
1.08825       0.902654
1.12395       0.623337
1.143       0.399506
1.15965       0.215904
1.19535      0.0185287
1.23105    9.90839e-05
1.26675              0
1.30245              0
1.33815              0
1.37385              0
1.40955              0
1.44525              0
1.48095              0
