-1.48215              0
-1.44645              0
-1.41075              0
-1.37505              0
-1.33935              0
-1.30365              0
-1.26795              0
-1.23225              0
-1.19655      0.0148496
-1.16085       0.216606
-1.143       0.404305
-1.12515       0.606457
-1.08945       0.902657
-1.05375       0.904043
-1.01805       0.898301
-0.98235       0.825241
-0.94665        0.78683
-0.91095       0.767031
-0.87525       0.708622
-0.83955       0.673577
-0.80385       0.661698
-0.76815       0.618733
-0.73245       0.613585
-0.69675       0.603289
-0.66105        0.56072
-0.62535       0.556959
-0.58965       0.572402
-0.55395       0.567056
-0.51825       0.563096
-0.48255       0.591806
-0.44685       0.593785
-0.41115       0.613783
-0.37545       0.603685
-0.33975       0.601309
-0.30405       0.600517
-0.26835       0.593389
-0.23265       0.598735
-0.19695       0.611605
-0.16125       0.623485
-0.12555       0.622693
-0.08985       0.610417
-0.05415       0.595963
-0.01845       0.609823
0.01725       0.591014
0.05295       0.621505
0.08865       0.595171
0.12435       0.630612
0.16005       0.627445
0.19575       0.618337
0.23145       0.597547
0.26715       0.600715
0.30285       0.599329
0.33855       0.584876
0.37425       0.592993
0.40995       0.570224
0.44565       0.558938
0.48135        0.57359
0.51705       0.559928
0.55275       0.577154
0.58845         0.5627
0.62415        0.56468
0.65985       0.564086
0.69555        0.57656
0.73125        0.58547
0.76695       0.626455
0.80265       0.658728
0.83835       0.670013
0.87405        0.73159
0.90975       0.760101
0.94545       0.785642
0.98115       0.833755
1.01685       0.878304
1.05255       0.875928
1.08825       0.898103
1.12395       0.623485
1.143       0.401929
1.15965       0.215616
1.19535      0.0134636
1.23105              0
1.26675              0
1.30245              0
1.33815              0
1.37385              0
1.40955              0
1.44525              0
1.48095              0
