       0  0.077816707    1934.4133     2.803951   0.11148141   0.11670354 -0.0052221279 
     100  0.078430767    1934.4133     2.803951   0.11286674   0.11762446 -0.0047577162 
     200   0.08132977    1934.4133     2.803951   0.11610687   0.12197216 -0.0058652925 
     300   0.08073417    1934.4133     2.803951   0.11275114   0.12107893 -0.0083277915 
     400  0.076160528    1934.4133     2.803951   0.10291577   0.11421973 -0.011303962 
     500  0.074593627    1934.4133     2.803951   0.10112815   0.11186981 -0.010741666 
     600  0.081412134    1934.4133     2.803951   0.10716878   0.12209569 -0.014926909 
     700  0.082734683    1934.4133     2.803951   0.10844676   0.12407914 -0.015632387 
     800  0.073992127    1934.4133     2.803951  0.094680133   0.11096773 -0.016287596 
     900  0.076318184    1934.4133     2.803951  0.095034732   0.11445617 -0.019421439 
    1000  0.079946878    1934.4133     2.803951   0.10075064   0.11989821 -0.019147563 
    1000  0.079946878    1934.4133     2.803951   0.10075064   0.11989821 -0.019147563 
    1100  0.077925485    1934.4133     2.803951   0.09725557   0.11686668 -0.019611106 
    1200  0.073732857    1934.4133     2.803951  0.092285304   0.11057889 -0.018293591 
    1300  0.079540733    1934.4133     2.803951  0.099483746    0.1192891 -0.019805358 
    1400  0.083228332    1934.4133     2.803951   0.10570174   0.12481948 -0.019117739 
    1500  0.076743342    1934.4133     2.803951  0.097871634   0.11509379 -0.017222156 
    1600  0.075613976    1934.4133     2.803951  0.094075311   0.11340005 -0.019324742 
    1700   0.07658933    1934.4133     2.803951   0.09645107   0.11486281 -0.018411744 
    1800   0.07879067    1934.4133     2.803951  0.098178143   0.11816422 -0.019986072 
    1900  0.078711825    1934.4133     2.803951    0.0973873   0.11804597 -0.020658669 
    2000  0.077290544    1934.4133     2.803951  0.096418446   0.11591444 -0.019495996 
    2100  0.078661834    1934.4133     2.803951  0.098841547     0.117971  -0.01912945 
    2200  0.085408607    1934.4133     2.803951   0.10936015   0.12808929  -0.01872914 
    2300   0.08488585    1934.4133     2.803951   0.10700522    0.1273053 -0.020300082 
    2400  0.078031562    1934.4133     2.803951  0.095210752   0.11702576 -0.021815011 
    2500  0.076075966    1934.4133     2.803951  0.094079012   0.11409291 -0.020013898 
    2600  0.077575688    1934.4133     2.803951  0.099836825   0.11634208 -0.016505254 
    2700  0.082647988    1934.4133     2.803951   0.10593531   0.12394913 -0.018013815 
    2800  0.078581769    1934.4133     2.803951  0.098252981   0.11785092 -0.019597941 
    2900  0.074654782    1934.4133     2.803951  0.091287604   0.11196153 -0.020673924 
    3000  0.076186385    1934.4133     2.803951  0.094553798   0.11425851  -0.01970471 
    3100  0.079235824    1934.4133     2.803951   0.10030975   0.11883182 -0.018522078 
    3200  0.079934354    1934.4133     2.803951   0.10207441   0.11987943 -0.017805019 
    3300  0.074705694    1934.4133     2.803951  0.094206509   0.11203788 -0.017831373 
    3400  0.072139033    1934.4133     2.803951  0.088156141    0.1081886 -0.020032459 
    3500  0.076976116    1934.4133     2.803951  0.096571967   0.11544289  -0.01887092 
    3600  0.079920261    1934.4133     2.803951     0.100724   0.11985829 -0.019134285 
    3700  0.077752047    1934.4133     2.803951  0.097827298   0.11660657  -0.01877927 
    3800  0.075646098    1934.4133     2.803951  0.094241268   0.11344823 -0.019206959 
    3900  0.075186408    1934.4133     2.803951  0.096721759   0.11275882 -0.016037061 
    4000  0.084556105    1934.4133     2.803951   0.10867045   0.12681077 -0.018140324 
    4100  0.080820015    1934.4133     2.803951   0.10365888   0.12120767 -0.017548789 
    4200  0.076804791    1934.4133     2.803951  0.096564894   0.11518595 -0.018621052 
    4300  0.076091668    1934.4133     2.803951  0.096206826   0.11411646 -0.017909633 
    4400  0.078699708    1934.4133     2.803951   0.10015791    0.1180278 -0.017869888 
    4500  0.082747011    1934.4133     2.803951   0.10476245   0.12409763 -0.019335185 
    4600  0.083883726    1934.4133     2.803951   0.10560553   0.12580239 -0.020196859 
    4700  0.074105704    1934.4133     2.803951  0.094380298   0.11113806 -0.016757764 
    4800  0.075863704    1934.4133     2.803951  0.093106559   0.11377458 -0.020668016 
    4900  0.078209377    1934.4133     2.803951  0.099099944   0.11729244 -0.018192493 
    5000  0.082341032    1934.4133     2.803951   0.10467294   0.12348878 -0.018815833 
    5100  0.077381228    1934.4133     2.803951  0.094839872   0.11605044 -0.021210569 
    5200  0.073547623    1934.4133     2.803951  0.089685555    0.1103011  -0.02061554 
    5300  0.077727125    1934.4133     2.803951  0.095358912   0.11656919  -0.02121028 
    5400  0.079450972    1934.4133     2.803951     0.100181   0.11915449 -0.018973481 
    5500  0.080808119    1934.4133     2.803951  0.099701271   0.12118983  -0.02148856 
    5600  0.072227355    1934.4133     2.803951  0.088186874   0.10832106 -0.020134184 
    5700  0.072513246    1934.4133     2.803951  0.089431223   0.10874981 -0.019318592 
    5800  0.078365844    1934.4133     2.803951   0.09659131   0.11752709 -0.020935783 
    5900  0.079718282    1934.4133     2.803951  0.098528868   0.11955538 -0.021026509 
    6000  0.078356189    1934.4133     2.803951  0.097643997   0.11751261 -0.019868618 
    6100  0.076224157    1934.4133     2.803951   0.09404511   0.11431516 -0.020270046 
    6200  0.074015597    1934.4133     2.803951  0.089834144   0.11100293 -0.021168782 
    6300  0.077400738    1934.4133     2.803951  0.094807482    0.1160797 -0.021272219 
    6400  0.082921114    1934.4133     2.803951   0.10391905   0.12435874 -0.020439694 
    6500   0.07950643    1934.4133     2.803951   0.10102536   0.11923766 -0.018212298 
    6600  0.076509019    1934.4133     2.803951  0.095039476   0.11474237 -0.019702893 
    6700  0.076359838    1934.4133     2.803951  0.094808859   0.11451864  -0.01970978 
    6800  0.076266213    1934.4133     2.803951  0.096986192   0.11437823 -0.017392036 
    6900  0.077866809    1934.4133     2.803951    0.0996172   0.11677868 -0.017161479 
    7000  0.080534248    1934.4133     2.803951   0.10161409    0.1207791 -0.019165009 
    7100  0.076794812    1934.4133     2.803951  0.095685675   0.11517098 -0.019485305 
    7200  0.072173509    1934.4133     2.803951  0.088861338    0.1082403 -0.019378966 
    7300  0.078764632    1934.4133     2.803951  0.096299679   0.11812517 -0.021825487 
    7400  0.081731472    1934.4133     2.803951   0.10029208   0.12257461 -0.022282522 
    7500    0.0765479    1934.4133     2.803951  0.096681968   0.11480068 -0.018118713 
    7600  0.078721912    1934.4133     2.803951  0.097451726    0.1180611 -0.020609372 
    7700  0.078652643    1934.4133     2.803951  0.097330135   0.11795721 -0.020627078 
    7800  0.075711965    1934.4133     2.803951   0.09283096   0.11354701 -0.020716049 
    7900  0.070077563    1934.4133     2.803951  0.085158754   0.10509696  -0.01993821 
    8000  0.075807294    1934.4133     2.803951   0.09288169   0.11368998 -0.020808286 
    8100  0.080661106    1934.4133     2.803951    0.1006284   0.12096935 -0.020340954 
    8200  0.079263698    1934.4133     2.803951  0.097758261   0.11887363 -0.021115366 
    8300  0.075917115    1934.4133     2.803951  0.091219651   0.11385468 -0.022635027 
    8400  0.074727775    1934.4133     2.803951  0.090631993     0.112071 -0.021439004 
    8500  0.083885833    1934.4133     2.803951   0.10423922   0.12580555 -0.021566334 
    8600  0.081917226    1934.4133     2.803951   0.10337828   0.12285318 -0.019474909 
    8700  0.077439887    1934.4133     2.803951  0.096451176   0.11613841 -0.019687239 
    8800  0.077000828    1934.4133     2.803951  0.094732233   0.11547995 -0.020747714 
    8900  0.077682401    1934.4133     2.803951  0.096758058   0.11650212 -0.019744061 
    9000  0.083021867    1934.4133     2.803951   0.10675437   0.12450984 -0.017755468 
    9100  0.085088916    1934.4133     2.803951   0.10890058   0.12760984 -0.018709263 
    9200  0.076458794    1934.4133     2.803951   0.09640276   0.11466705 -0.018264286 
    9300  0.076246489    1934.4133     2.803951  0.095699993   0.11434865 -0.018648654 
    9400  0.080511282    1934.4133     2.803951  0.099425596   0.12074466 -0.021319062 
    9500  0.079661221    1934.4133     2.803951  0.098677986    0.1194698 -0.020791815 
    9600   0.07412902    1934.4133     2.803951  0.089368764   0.11117303 -0.021804267 
    9700  0.073076982    1934.4133     2.803951  0.087848744   0.10959526  -0.02174652 
    9800   0.08018799    1934.4133     2.803951    0.0991429   0.12025981 -0.021116909 
    9900  0.081194275    1934.4133     2.803951  0.099583672   0.12176896 -0.022185286 
   10000  0.075581457    1934.4133     2.803951  0.094850813   0.11335128 -0.018500471 
