-0.928213        -3.8075        1.49704
2.725        2.91279        1.03524
-6.56077        8.44238      -0.766306
-10.3807        3.31446       0.854155
-6.79793      -0.144532      -0.611812
0.542846        9.81227       0.542227
-0.0614461        2.76697       0.764121
-4.14392        8.71922        0.70021
7.4262        7.33829       -0.48737
-8.31772       -6.01292       0.508863
-8.19212       -6.40419        -1.5472
9.15106        2.19324      -0.894719
-3.9766        6.93607      -0.695706
-0.504686        9.81398      0.0579877
1.69299        8.82864        0.37147
10.1469       -5.26874       0.921694
0.786098       -9.30742        -1.3922
0.89497         7.1053        1.33041
9.16253       -5.23559      -0.889025
1.30369        5.88843       0.666416
-7.48628        9.89756        1.47807
-6.06473        3.06782       -1.37731
-1.67589        8.04766       0.527317
6.12717       -2.71503      -0.593706
-3.72683        -2.0298       -1.17434
0.108211        2.74838       -1.37904
3.29382        4.82177      -0.361496
5.53479       -8.41351       -1.41183
6.64619        2.71204      -0.246003
-8.76648        -1.8105       -1.00665
-1.57216       0.932006        1.55666
-10.2138       -4.05473     -0.0506321
-6.73531       0.619085        1.30453
-0.490054       -7.72862       -1.58282
0.818729         7.3368      -0.821952
5.88364       -7.85117       0.694643
-10.7155        5.02023       -1.59696
3.33225       -9.52875        1.47476
9.13329       -8.05071      -0.616871
-7.69211       -1.97779        1.55891
-0.113129       -2.16622      -0.382456
-3.12993         1.1811       0.741189
9.56465       -6.99749      -0.967822
-7.81744       -4.52317       -1.54567
8.42997       -3.42585      0.0118181
-7.0127        4.36252        1.24903
3.45279       0.123843        -1.2253
3.04396        9.50534        1.56366
3.73629       0.907009        1.33632
1.25785      -0.465789       -1.07279
-3.64565        7.00609        1.46319
5.25334        5.83903        1.43751
-2.23499        9.30472       -1.29365
2.80847        -8.7363     -0.0814069
-9.4987      -0.443564        1.14365
-4.0081        3.69132       -1.14015
7.31433        4.80072       0.434312
6.61789        1.12186       0.831143
1.8195        3.87208       0.214096
8.8956        2.61543       0.546174
-7.73787       -9.77472        1.41828
-4.84576        1.96134       -1.47189
3.67537       -7.67409      -0.627166
2.2476        7.23896      -0.934321
-8.82031        6.83014      -0.808308
8.05413        5.11918      -0.362829
0.596226     -0.0187877       0.213444
5.80708         4.0573      -0.922517
1.98163       -2.89561        1.08679
-7.64557      -0.354469       -1.52376
0.83301       -5.60305        1.42522
-9.74318       -2.26219        1.34392
-0.328416        1.69601       -1.54094
9.59712        3.57311        1.21977
8.09419       -3.53903       -1.22268
-10.2821        9.66124       -1.21756
8.09082         4.3371        1.53459
6.15289      -0.900604       -0.70976
1.88606       0.625291      -0.400862
9.13828        4.66333       0.428515
2.14341        6.59601       0.290629
-7.3464        1.17862       -1.29228
3.95204       -1.30063       -1.55708
-2.95936       -4.40185       0.710671
7.3886        6.40005      0.0128533
-9.46425        4.68167       -1.43156
-0.167164        3.29929     -0.0332883
4.87074       -1.89707        -1.4198
8.17382      -0.403757       -1.55189
-9.81271        2.48843        1.28598
-2.61448      -0.429782      -0.289553
-3.33851       -5.99884      0.0539003
10.6656        7.83917      -0.642855
-10.4171        -2.2781      -0.867766
7.98287        5.46173        1.32912
3.70723        6.87337      -0.113017
-6.75228       -9.59916        1.53371
-2.41139        2.26246       0.987632
-2.26103        9.96297       0.866556
9.50592        -3.9125       0.138884
-4.59994       -1.04807       0.694966
-6.48361       -3.27548      -0.559123
8.28158        9.37305      -0.814839
3.2287      -0.496436        1.32308
4.09075       -2.07281        1.09477
7.28139        2.95137        1.27998
-1.06039       0.863216       -1.48889
-4.79134       -10.5029       0.436917
9.75369        9.18625      -0.721318
9.42943       0.248576       -1.41947
-8.33194        0.53872         1.3383
-6.18726       -5.77073      0.0604979
-10.0697       -0.89888       -1.12726
-1.49799        6.54326       -1.39029
-8.6772       -3.25919        1.44979
-10.599        10.6495      0.0360044
-3.04258       -10.6078       0.924057
9.19075       -5.14494       0.538166
0.964084      -0.997684       -0.31428
-4.73616       0.436684       -0.68044
3.75393        3.57039      -0.263115
5.9694       -4.22914       -1.43566
0.118091        5.83747       0.218995
-3.27321        3.05848       0.403301
5.07799        10.3962      -0.455015
-1.25824         3.4677       -1.02193
3.1044       -3.71088      -0.802114
4.30609       -3.80784      -0.581576
-4.87936        3.36548       0.647376
-10.6286        1.41857        0.66269
-5.26457       -7.34995       0.080302
6.80031       -4.60345        1.41538
5.6163       -7.89174      -0.466766
8.39533        8.17946       0.138971
0.198559       -10.1458       -1.50449
3.0037       -5.85499       -1.49539
2.27626        1.46213       0.179279
-4.37787       -9.04136       0.210691
-0.55573       -8.79487       0.304675
-5.61053         3.9885        1.38415
2.21457       -10.7255      -0.791834
2.75284       -2.95621       0.254441
-9.96361        2.16807      -0.707441
1.5867       -4.59973      -0.773275
3.5153       -5.34991      -0.156107
7.77227     -0.0165694       0.414454
7.76828       -7.36699      -0.230917
7.96932        10.7269      0.0308564
10.5718       -8.09669      -0.258899
8.47206       -1.04904         1.5491
-10.2291       -6.86545        1.06486
-2.25644       -6.77334       -1.35953
-7.95943        6.72964       0.371877
-1.74068       -1.42824       0.992175
7.22061       -7.37764        1.37951
-4.22596        4.91082       -1.06945
-5.96153        8.22394       0.229063
-5.21575        4.90907      -0.388309
-3.19654       0.339089       -1.34089
-9.20184        8.69317      -0.262633
-2.0703       -1.65688       -1.04213
-8.46823        4.48654        1.39873
-8.06302       -7.44649       0.278372
9.38824       -5.67438        1.54386
3.82439        1.29556       -1.05065
3.26967       0.824947     -0.0262042
-5.56704        7.88263        1.13554
9.27028       -9.95712          1.511
10.1386        9.71489       0.796803
9.10717       -1.85664       -1.47609
-9.77786        3.37175      -0.354881
1.76707       -7.11071        1.21295
3.15159        7.35873        1.58766
-4.96554       -4.59954       0.627959
-2.41002        3.93544        1.47419
-0.893402        -6.5999        1.13885
8.33238       -8.33374       -1.20587
7.74024        1.17273      -0.245922
2.01397        4.59929        1.07995
-5.8443       -10.5299      -0.239657
5.29157        1.43977       -1.22168
-0.611855       0.334388      -0.414354
10.2258       0.844387      -0.100746
7.97479        6.72239        1.54595
-0.562774        5.61182      -0.595285
7.5808        8.98871        1.39748
5.65916        -5.8208       0.942569
1.23038      -0.117928        1.14116
-10.4642        6.22315      -0.615046
-3.3169        8.63405       -1.58542
3.41574       -10.2957      -0.918602
1.02907       -7.58023      -0.373659
4.11394        -0.5912       0.440973
-7.11323        6.61645       0.843491
8.54628        3.20962      -0.377618
-8.26228        7.56934       -1.35385
-3.22352        10.4492        -1.4683
6.46228         9.5187      -0.324269
-9.17063       -5.58227      -0.211725
4.24926        5.62661       -1.05838
4.93835        4.73583        1.51561
0.267696        4.86582      -0.523476
5.6357        8.35769       0.891103
5.41924      -0.110096       -1.35124
-2.69684        6.27858         1.1398
7.08873        10.5006        1.52862
-4.07265        2.21738     -0.0638848
-7.02627        9.48558      -0.461177
4.30239       -10.1031        1.53857
-6.94011        5.84891       -0.90592
9.57031        8.45477       -1.58067
-8.02084       -9.54009      -0.698731
-3.5693       -7.81187     -0.0698494
-4.54421       -2.55717       0.895434
-1.97425       -10.1655        1.21691
-7.64341        5.01012       -1.08496
4.32623       -5.63896       0.554681
2.32591       -7.98785       0.854567
-4.30594       -9.93185      -0.621824
4.13225       -2.48215      -0.667908
6.45074        7.62592        1.53784
10.2674       -6.38397       -1.60028
6.592       -2.40909        1.22018
-9.18179       -4.10873        1.28588
2.70726      -0.851107       -1.21518
-4.59271       -5.64492      -0.984183
-0.711555       -3.27747       -1.33204
-9.1652       -9.54161        1.57051
-3.13429        4.75903        1.49886
-0.00604163       -7.27181       0.437358
-9.93747       -5.33176        -1.3409
-6.96689       -6.09072       0.992474
-6.20578       -1.91728       0.100426
-1.65133        4.42894       0.261753
1.6408       -2.74485       -1.54342
8.2284        4.23921        -1.3792
-8.66704        1.40801        0.74211
-6.68217       -7.41336        1.10187
0.702364        8.91374       -1.09526
7.14233       -6.17911          1.355
-3.52214         2.1947        1.45158
-1.78241        8.98971         1.0563
5.55972       -9.41498      -0.721981
-3.0049       -2.01314       0.910303
10.4245       -5.35205       -1.17565
-4.62446        6.98775       0.363063
-8.83294        3.79292      -0.971435
2.19635       -0.62189      -0.198859
-4.62489        5.36817       0.898774
-7.32552        7.93574        1.10165
-3.03789        -9.6748        1.18071
-10.0375        5.01148      -0.334098
3.16136       -5.04425        1.51112
-4.79451        0.94415       0.481563
-8.92899      -0.850537       -1.47245
9.92415        10.3359       -1.21786
-5.80064        6.51449         -1.572
6.30874       0.835467       -1.45742
-0.953259      -0.622025       0.133321
8.83105        6.40041       -1.55129
10.4952       -0.76341      -0.429168
-6.14434       -4.09948       0.579868
-6.55737        2.50958      -0.587157
-3.82716       -7.33618       -1.30528
-4.17872        8.08649      -0.229531
1.11883        10.5636        0.96133
6.68819       -7.27875      0.0404965
-3.15634      -0.304238       0.961672
6.20125        6.68632      -0.664682
8.92444       -9.22156       -1.47381
-8.46636        9.64577        1.54547
-7.20419       -10.1833      -0.560846
7.7029      -0.846707      -0.700964
2.0809       0.865239        1.07528
-9.81937       0.669145       0.921446
-3.06625         8.8551       0.834987
3.46841        9.51893       0.497631
7.76033       -6.75172       -1.42094
4.35977      -0.163527        1.33051
-7.47211       -3.01367      -0.372348
-2.83141       -10.0699       -1.43948
-8.41856       -10.6062       0.950131
-5.25615       -1.97441       -1.23223
5.08752       -2.69407       0.817615
-7.97304        6.05883       -1.37473
8.94247       -1.65634       0.705509
4.63436        3.83505       -1.39642
-6.87926        10.4491       -1.56204
6.18576       -8.64945        1.48119
-2.77501        4.09864     -0.0891249
-1.96365       -6.72571        0.54823
6.89384        2.03298       -1.05351
5.17046       -3.20622      -0.745918
4.62522      -0.708948      -0.792972
6.80894        8.93221       -1.08989
-3.03976        4.93654       -1.44434
8.79196        7.10443      0.0637708
-10.2671        7.21708       0.159691
0.568062       -9.40999       0.813562
-1.18495       -2.20941       0.621217
0.833414        3.43915       -1.44611
2.93515       -7.33191       -1.53669
-3.6074        5.36044      -0.286618
2.90742        -1.4282        1.15869
4.38659       -6.63018        0.77872
-5.78888       0.735689       -1.21141
-2.43334       -2.31112       0.092287
-0.823905        5.36767       0.316821
2.52997       -5.77779      -0.494924
6.80572        4.13414        1.33874
-6.64265        9.69902       0.626696
1.31021       -1.64855        1.13036
7.86114        4.08569      -0.274887
-9.81239       -3.13576       -1.44792
-10.1915         10.532        1.45835
-5.07064       -2.37093      -0.079953
-9.45363        10.0112       0.366698
-10.3757        5.67855        1.18846
-2.52708         1.8809      -0.662034
3.4181        3.70881        1.48204
2.13004       -9.04241       0.965727
0.526421       -8.31889         1.2048
7.26172       -5.90729      -0.203191
-7.24678       -1.98199       -0.14131
5.50623       0.925249      -0.112221
-2.20938       -4.24563      -0.890693
-1.6305        1.06564      -0.112034
-8.58078        5.58316        1.23351
8.31396        10.0063         1.5164
-8.35968        10.5559       -1.30713
-6.15581         6.7645        1.29608
9.56205       -6.89169         1.5657
-10.6822         8.4039        0.74559
7.38017       -10.3437      -0.806079
-0.245488        4.91564        1.44675
2.14453       -9.23621      -0.971269
10.7119         3.9821       -1.44902
-3.57887        9.48275      -0.929835
9.69698        1.27381       -1.20617
3.33783       -8.24157       0.676212
0.653458        1.10656        1.14584
6.15842       -3.67006       -0.27316
-1.72102        -8.6631       0.472736
-6.76001      -0.655528        1.00143
1.84597        6.66423        1.48817
-3.6643        5.75883        0.80545
-10.6228       -4.51676       -1.54793
7.97054       -5.41989        1.45255
-0.375189       -5.89616       0.205418
-9.37815        2.61301       0.403966
-5.7024       -7.20454      -0.860963
10.0056        -9.1303        1.58336
4.39805        8.11518       0.491387
4.00274        7.27721       -1.15244
0.153437        -1.9941        1.08404
1.60548       -6.50541      -0.410452
9.66592        1.32233        1.13095
-10.0925       -3.67658       0.924298
1.36791        9.77766       -1.03963
-2.85226       -5.85522        1.14388
0.15212        1.96552      -0.225485
7.75737       -1.71157       -1.53818
-2.29388        10.3812      -0.976505
-5.03446        3.25381       -1.17197
0.623555       -2.80082       -1.36762
-1.92634       -9.84048      -0.642541
-6.02496        6.52054      -0.268585
9.59137        2.54269        1.51874
9.55873       -7.56958       0.212483
2.20053       -2.67181      -0.703739
3.42339       -4.62596       -1.56316
-1.80207        3.13393       0.326981
-0.649818        4.38964       -1.42077
0.178585       -4.47746        1.28928
-6.83429       -7.29735      -0.367504
0.0902763        6.12675        1.28263
5.1321        5.11385       -1.40224
9.12317        6.34279        1.39474
-7.18414       -4.95514        1.09108
3.39932        2.56346       -1.04287
9.00052        5.77579       0.357694
6.02983       -7.27735       -1.42332
-5.63773       -8.91249       0.110016
7.08787       -1.64521       0.745366
-10.1014       -5.01784       0.749636
2.81036       -1.82724      -0.699507
9.89245        5.61221       -1.16531
-4.07806         10.223      -0.386346
-4.52965        -8.3674        1.35336
-0.365636      -0.970067       -1.32175
8.77102        9.39832       0.823872
-6.74275       -4.97774      -0.157428
-0.562201        7.29825       -0.66649
-1.74152        5.66751      -0.140861
-8.04605       -7.75885       -0.69377
-10.3331       0.627283      -0.602391
7.85886       0.652092       -1.21016
4.96686        3.07334        0.48501
-0.496734        8.79718        -1.5614
10.3321      -0.489375       -1.43664
0.560031        4.97802       -1.52409
1.8285       -1.62784      -0.239995
9.88804         3.3533      -0.866276
-3.44024       -9.69322     -0.0495945
-10.0084       -8.96849      -0.931756
-3.18932        7.43595       -1.41239
-0.132122        9.95967       -1.57065
-9.51317       -6.85042      -0.499602
1.59649        8.39904       -1.02495
-0.194788        1.91037        1.55357
-3.33744        2.73052       -1.50284
-3.54377       -4.10753        1.49704
4.80479        9.23335      -0.508012
1.1902        2.63063       0.733201
6.2148         9.2341        1.11837
-6.32854         4.7423      -0.171885
-0.104586       0.614233       -1.29215
-7.80378       0.504508      -0.574773
-1.37753        8.82522       -0.14633
7.87028        1.75773       0.584624
0.518789       -1.72153       -1.40183
8.34789       -7.22429       0.676996
2.19083        6.13476       -1.34735
-10.0467        8.15209       -1.38077
-4.24972        4.12913        1.22133
2.94261       -6.58975      0.0360829
4.29036       0.289701      -0.555319
9.07653       -2.78377      -0.535521
5.44165        -1.1265       0.447358
-4.5365        9.76059       0.669106
-7.76903      -0.951896      -0.633563
5.89924        4.93681        1.21235
7.27976        -8.6141      -0.749956
10.5126       -1.97567       0.663108
6.10851       -4.72126      0.0286171
-4.08326       -5.28138        0.55985
3.82792        9.85254      -0.786668
4.9393       -5.90754      -0.212763
-9.19126         -6.217        1.57511
8.5006       -2.78782        1.53926
-6.28165        3.32607       0.878625
-10.305        2.41159       0.206619
3.6333        6.30619        1.01827
3.04704        4.66643       0.672761
2.63409        1.71119      -0.723664
10.1712         -6.195       0.179969
-8.16495          2.816       -1.25958
-5.89894       -1.16577        1.52043
-5.9973       -5.76615       -1.27958
2.10935       -3.97485        1.14721
-8.82869       -3.95875      -0.222973
3.03719        5.84542       0.104684
