1         272.28        295.715        -23.385         272.28       0.058372      -0.108705
10000        272.308        637.561       -112.593        272.308       0.591765       -253.251
20000        272.309        631.964       -85.6569        272.309        1.49552       -275.493
30000        272.319        673.028       -94.9349        272.319        3.74677        -309.52
40000        272.302        670.784       -98.1749        272.302       0.595974       -300.903
50000        272.302        630.449       -88.1888        272.302        3.60073       -273.559
60000         272.31        641.619       -117.999         272.31        3.45748       -254.767
70000        272.301        634.904         -101.6        272.301          1.228       -262.231
80000        272.302        605.102       -108.807        272.302        1.57151       -225.564
90000        272.315        591.563       -117.451        272.315        5.68031       -207.477
100000        272.312        639.779       -108.821        272.312       0.250292       -258.896
110000        272.304        616.375       -98.4714        272.304        2.23847       -247.838
120000        272.313        673.781       -103.213        272.313        0.30799       -298.563
130000        272.308        688.925       -101.117        272.308        1.05338       -316.554
140000        272.322        640.673       -95.8999        272.322        4.65858        -277.11
150000        272.305        616.872       -109.936        272.305       0.499782       -235.131
160000        272.307        648.171        -90.504        272.307       0.340724       -285.701
170000        272.305        660.348       -99.2822        272.305        3.97427       -292.735
180000        272.317        689.243       -112.795        272.317        2.08418       -306.215
190000        272.318        635.976       -92.0413        272.318       0.504886       -272.122
200000        272.299        559.321        -108.59        272.299        4.12197       -182.554
210000          272.3        618.625       -111.205          272.3        1.48963        -236.61
220000        272.301        606.058       -98.9795        272.301       0.980866       -235.758
230000        272.297         603.58       -91.0106        272.297        4.01352       -244.286
240000         272.28        659.549       -90.7596         272.28       0.906045       -297.415
250000        272.309        612.717        -106.49        272.309        1.69952       -235.617
260000        272.305        664.548       -94.6521        272.305        3.80961       -301.401
270000        272.304        641.837       -83.4717        272.304       0.647123       -286.709
280000        272.299        645.275       -99.2005        272.299        2.23862       -276.014
290000        272.291        660.184       -91.1506        272.291       0.799455       -297.542
300000        272.276        636.874       -102.541        272.276        3.51825       -265.576
310000        272.287        597.037       -89.4581        272.287        2.67543       -237.967
320000        272.268          621.7       -97.8497        272.268         2.7423       -254.324
330000        272.272        620.176       -104.873        272.272         1.9443       -244.976
340000        272.284        663.232       -115.141        272.284        2.45812       -278.265
350000        272.278        670.504       -104.446        272.278        2.58408       -296.363
360000        272.275        623.593       -97.9894        272.275        3.40225       -256.731
370000        272.265        635.245       -113.144        272.265        3.77261       -253.608
380000        272.275        617.766       -99.9175        272.275       0.994333       -246.568
390000         272.28        630.039       -102.669         272.28       0.309406         -255.4
400000        272.284        664.723       -99.7241        272.284        2.00961       -294.725
410000         272.27        620.077       -108.099         272.27        4.62142       -244.328
420000        272.276        621.314       -99.3915        272.276        1.05724       -250.704
430000        272.272        634.538       -115.195        272.272       0.306606       -247.377
440000        272.268        632.893       -113.111        272.268         1.8728       -249.386
450000        272.267         632.18       -112.498        272.267        1.10617       -248.521
460000        272.253        601.539        -106.67        272.253         2.1664       -224.782
470000        272.274        634.251       -102.755        272.274        3.40916       -262.632
480000        272.274        620.105       -99.9503        272.274        2.18162       -250.063
490000         272.27        618.717        -99.346         272.27       0.223364       -247.325
500000        272.277        620.687       -95.0252        272.277        2.50492        -255.89
510000         272.28        595.293       -88.6939         272.28        0.26313       -234.582
520000        272.279        605.551       -87.3536        272.279         1.3273       -247.246
530000        272.258        609.906       -108.266        272.258       0.923804       -230.305
540000        272.269        662.564       -93.7951        272.269        1.40407       -297.903
550000        272.276        628.867       -108.624        272.276         1.4947       -249.461
560000        272.275        610.498       -99.2289        272.275        2.36882       -241.362
570000        272.267        624.481       -107.329        272.267        1.50152       -246.387
580000        272.264        602.568       -95.4626        272.264         1.1525       -235.994
590000         272.28         625.07       -104.702         272.28        1.02881       -249.117
600000        272.274        610.135       -102.056        272.274        1.92799       -237.733
610000        272.269        588.561       -100.111        272.269        1.55939        -217.74
620000        272.279        616.284       -104.049        272.279        1.56918       -241.525
630000        272.286        669.436        -113.35        272.286        3.93599       -287.735
640000        272.273        639.503       -81.2734        272.273        1.12855       -287.086
650000         272.27         648.94         -98.74         272.27        2.72346       -280.654
660000        272.273        653.286       -77.7466        272.273        3.11807       -306.384
670000         272.29        612.822       -102.658         272.29        1.82379       -239.697
680000        272.273        608.937       -97.1469        272.273        1.34022       -240.857
690000        272.271        624.258       -96.2148        272.271        2.26293       -258.036
700000        272.269         661.64       -101.685        272.269        1.48959       -289.175
710000        272.265        595.697       -107.593        272.265         2.3197       -218.159
720000        272.273        616.447       -96.1209        272.273        2.01512       -250.069
730000        272.275        652.726       -93.2497        272.275        1.82547       -289.026
740000        272.275        650.827       -99.3741        272.275        0.93595       -280.114
750000        272.272        658.011       -96.1023        272.272          2.218       -291.855
760000        272.285         653.88       -93.2437        272.285       0.562629       -288.914
770000        272.268        644.081       -111.979        272.268           1.87       -261.704
780000        272.275        606.696       -103.584        272.275        1.46355       -232.301
790000         272.28        652.467       -107.707         272.28         1.4923       -273.973
800000         272.28        674.677       -108.642         272.28        4.18049       -297.935
810000         272.27        606.039       -103.034         272.27        1.54364       -232.279
820000        272.266        597.794       -105.383        272.266       0.626186        -220.77
830000        272.278        632.944       -97.3765        272.278       0.872577       -264.162
840000        272.286        608.867       -109.872        272.286        4.68963       -231.399
850000        272.293        661.864       -100.948        272.293        1.91702        -290.54
860000        272.285        648.846       -108.148        272.285       0.927493       -269.341
870000        272.285        622.032       -106.606        272.285        1.68771       -244.828
880000        272.287        597.691       -103.201        272.287        1.29223       -223.495
890000        272.288        659.547       -109.339        272.288        1.98344       -279.903
900000        272.284        667.983       -105.711        272.284         1.8672       -291.855
910000        272.305         593.44       -97.3608        272.305        2.21686       -225.991
920000        272.279        627.806        -94.293        272.279        2.07446       -263.308
930000        272.297         636.25       -106.829        272.297       0.163586       -257.287
940000        272.261        599.563       -91.0339        272.261       0.732034       -237.001
950000        272.295        657.545       -86.0755        272.295        3.84009       -303.014
960000        272.304        623.117       -93.8249        272.304        1.75546       -258.744
970000        272.297        658.054       -104.201        272.297        2.93044       -284.486
980000        272.307        658.574       -117.072        272.307        3.96807       -273.164
990000        272.299        597.422       -106.863        272.299       0.656804       -218.916
1000000        272.307        649.329        -101.17        272.307         2.6434       -278.495
