-1.48214              0
-1.44643              0
-1.41071              0
-1.375              0
-1.33929              0
-1.30357              0
-1.26786              0
-1.23214              0
-1.19643              0
-1.16071       0.103928
-1.143       0.373492
-1.125       0.740489
-1.08929        1.11398
-1.05357       0.857408
-1.01786       0.808692
-0.982143       0.733993
-0.946429        0.66579
-0.910714       0.685277
-0.875       0.643056
-0.839286       0.604083
-0.803571       0.669038
-0.767857       0.698268
-0.732143       0.500155
-0.696429       0.581349
-0.660714        0.56511
-0.625        0.59434
-0.589286       0.587844
-0.553571       0.626817
-0.517857       0.600835
-0.482143       0.539128
-0.446429       0.750232
-0.410714       0.662543
-0.375       0.659295
-0.339286       0.672286
-0.303571       0.662543
-0.267857       0.555367
-0.232143       0.704763
-0.196429       0.733993
-0.160714       0.646304
-0.125       0.623569
-0.0892857       0.633313
-0.0535714       0.717754
-0.0178571       0.678781
0.0178571        0.63656
0.0535714        0.63656
0.0892857       0.610578
0.125       0.574853
0.160714        0.59434
0.196429       0.620322
0.232143       0.610578
0.267857       0.649552
0.303571       0.630065
0.339286       0.659295
0.375       0.587844
0.410714       0.578101
0.446429       0.649552
0.482143       0.558614
0.517857       0.617074
0.553571       0.581349
0.589286        0.56511
0.625       0.519641
0.660714       0.568358
0.696429       0.526137
0.732143       0.581349
0.767857       0.542376
0.803571       0.542376
0.839286       0.600835
0.875       0.620322
0.910714       0.685277
0.946429       0.678781
0.982143       0.711259
1.01786       0.889886
1.05357       0.873647
1.08929       0.802196
1.125       0.750232
1.143       0.441695
1.16071       0.126663
1.19643              0
1.23214              0
1.26786              0
1.30357              0
1.33929              0
1.375              0
1.41071              0
1.44643              0
1.48214              0
