-1.48214              0
-1.44643              0
-1.41071              0
-1.375              0
-1.33929              0
-1.30357              0
-1.26786              0
-1.23214              0
-1.19643              0
-1.16071       0.120422
-1.143        0.36515
-1.125       0.668147
-1.08929        1.18091
-1.05357       0.889567
-1.01786       0.734184
-0.982143       0.660377
-0.946429        0.58657
-0.910714        0.63707
-0.875       0.625416
-0.839286       0.520533
-0.803571       0.672031
-0.767857       0.582686
-0.732143       0.602109
-0.696429       0.625416
-0.660714       0.605993
-0.625       0.629301
-0.589286       0.559378
-0.553571       0.672031
-0.517857       0.609878
-0.482143       0.574917
-0.446429       0.675916
-0.410714       0.605993
-0.375       0.668147
-0.339286       0.691454
-0.303571       0.621532
-0.267857        0.59434
-0.232143       0.726415
-0.196429       0.718646
-0.160714       0.598224
-0.125       0.691454
-0.0892857       0.578801
-0.0535714       0.664262
-0.0178571       0.571032
0.0178571       0.625416
0.0535714       0.672031
0.0892857       0.625416
0.125       0.590455
0.160714       0.621532
0.196429       0.574917
0.232143       0.555494
0.267857       0.528302
0.303571       0.559378
0.339286       0.672031
0.375       0.555494
0.410714       0.536071
0.446429       0.571032
0.482143       0.582686
0.517857       0.621532
0.553571        0.63707
0.589286        0.59434
0.625       0.598224
0.660714        0.59434
0.696429       0.621532
0.732143       0.625416
0.767857       0.609878
0.803571       0.563263
0.839286       0.605993
0.875       0.722531
0.910714       0.640954
0.946429       0.811876
0.982143       0.804107
1.01786       0.804107
1.05357       0.936182
1.08929       0.839068
1.125       0.823529
1.143       0.400111
1.16071       0.112653
1.19643              0
1.23214              0
1.26786              0
1.30357              0
1.33929              0
1.375              0
1.41071              0
1.44643              0
1.48214              0
