-1.48214              0
-1.44643              0
-1.41071              0
-1.375              0
-1.33929              0
-1.30357              0
-1.26786              0
-1.23214              0
-1.19643              0
-1.16071       0.115385
-1.143       0.376633
-1.125       0.733672
-1.08929        1.16255
-1.05357        1.02322
-1.01786       0.862119
-0.982143       0.746734
-0.946429       0.722787
-0.910714       0.679245
-0.875       0.618287
-0.839286       0.526851
-0.803571       0.666183
-0.767857       0.533382
-0.732143       0.548621
-0.696429       0.550798
-0.660714         0.5791
-0.625       0.570392
-0.589286        0.54209
-0.553571       0.613933
-0.517857       0.576923
-0.482143       0.524673
-0.446429       0.598694
-0.410714       0.546444
-0.375       0.620464
-0.339286       0.633527
-0.303571       0.611756
-0.267857       0.640058
-0.232143       0.666183
-0.196429       0.655298
-0.160714       0.585631
-0.125        0.66836
-0.0892857       0.576923
-0.0535714       0.624819
-0.0178571       0.596517
0.0178571       0.589985
0.0535714       0.696662
0.0892857       0.648766
0.125       0.611756
0.160714       0.640058
0.196429       0.613933
0.232143       0.609579
0.267857       0.561684
0.303571       0.626996
0.339286       0.637881
0.375       0.550798
0.410714       0.483309
0.446429       0.589985
0.482143       0.522496
0.517857       0.622642
0.553571       0.607402
0.589286       0.548621
0.625       0.548621
0.660714       0.624819
0.696429       0.559507
0.732143       0.620464
0.767857       0.605225
0.803571       0.576923
0.839286       0.611756
0.875       0.687954
0.910714        0.65312
0.946429       0.796807
0.982143       0.875181
1.01786       0.873004
1.05357       0.955733
1.08929         1.0254
1.125       0.792453
1.143       0.407112
1.16071       0.108853
1.19643              0
1.23214              0
1.26786              0
1.30357              0
1.33929              0
1.375              0
1.41071              0
1.44643              0
1.48214              0
