-1.48214              0
-1.44643              0
-1.41071              0
-1.375              0
-1.33929              0
-1.30357              0
-1.26786              0
-1.23214              0
-1.19643              0
-1.16071        0.10028
-1.143       0.388889
-1.125       0.731307
-1.08929        1.03704
-1.05357        0.84137
-1.01786       0.777778
-0.982143       0.760657
-0.946429        0.68239
-0.910714       0.748428
-0.875       0.721523
-0.839286       0.606569
-0.803571       0.635919
-0.767857       0.697065
-0.732143       0.572327
-0.696429       0.662823
-0.660714       0.621244
-0.625       0.640811
-0.589286       0.577219
-0.553571       0.621244
-0.517857       0.626136
-0.482143       0.574773
-0.446429       0.665269
-0.410714        0.65304
-0.375       0.611461
-0.339286       0.606569
-0.303571       0.655486
-0.267857        0.55276
-0.232143       0.643256
-0.196429       0.704403
-0.160714       0.613906
-0.125       0.621244
-0.0892857       0.628581
-0.0535714       0.677498
-0.0178571       0.667715
0.0178571       0.572327
0.0535714       0.599231
0.0892857       0.618798
0.125       0.567435
0.160714       0.587002
0.196429       0.591894
0.232143       0.604123
0.267857       0.657932
0.303571       0.606569
0.339286        0.62369
0.375       0.596785
0.410714       0.596785
0.446429       0.640811
0.482143       0.555206
0.517857       0.633473
0.553571       0.616352
0.589286       0.567435
0.625       0.533194
0.660714        0.56499
0.696429        0.52341
0.732143       0.604123
0.767857       0.604123
0.803571       0.587002
0.839286       0.596785
0.875       0.648148
0.910714       0.726415
0.946429       0.677498
0.982143       0.758211
1.01786       0.902516
1.05357       0.831586
1.08929       0.819357
1.125       0.738644
1.143       0.423131
1.16071       0.110063
1.19643              0
1.23214              0
1.26786              0
1.30357              0
1.33929              0
1.375              0
1.41071              0
1.44643              0
1.48214              0
