-1.48214              0
-1.44643              0
-1.41071              0
-1.375              0
-1.33929              0
-1.30357              0
-1.26786              0
-1.23214              0
-1.19643              0
-1.16071      0.0628164
-1.143       0.386562
-1.125       0.908422
-1.08929        1.14036
-1.05357        1.11137
-1.01786       0.879429
-0.982143       0.995398
-0.946429       0.913254
-0.910714       0.937414
-0.875       0.908422
-0.839286       0.647492
-0.803571       0.637828
-0.767857       0.560515
-0.732143       0.647492
-0.696429       0.657156
-0.660714       0.541187
-0.625       0.488035
-0.589286       0.560515
-0.553571       0.449379
-0.517857       0.502531
-0.482143       0.560515
-0.446429       0.497699
-0.410714       0.439715
-0.375       0.604004
-0.339286       0.613668
-0.303571       0.661988
-0.267857       0.536355
-0.232143       0.632996
-0.196429       0.705476
-0.160714       0.570179
-0.125       0.502531
-0.0892857       0.565347
-0.0535714       0.454211
-0.0178571       0.521859
0.0178571       0.550851
0.0535714       0.483203
0.0892857       0.555683
0.125        0.66682
0.160714       0.681316
0.196429       0.681316
0.232143       0.623332
0.267857       0.608836
0.303571        0.64266
0.339286       0.546019
0.375       0.632996
0.410714       0.541187
0.446429       0.459043
0.482143       0.521859
0.517857       0.439715
0.553571       0.550851
0.589286       0.497699
0.625       0.468707
0.660714       0.507363
0.696429       0.488035
0.732143       0.613668
0.767857       0.526691
0.803571       0.531523
0.839286       0.748965
0.875       0.811781
0.910714       0.729636
0.946429       0.763461
0.982143       0.869765
1.01786        0.92775
1.05357       0.985734
1.08929       0.971238
1.125       0.821445
1.143        0.40589
1.16071       0.135297
1.19643              0
1.23214              0
1.26786              0
1.30357              0
1.33929              0
1.375              0
1.41071              0
1.44643              0
1.48214              0
