-1.48214              0
-1.44643              0
-1.41071              0
-1.375              0
-1.33929              0
-1.30357              0
-1.26786              0
-1.23214              0
-1.19643              0
-1.16071      0.0639075
-1.143       0.389836
-1.125       0.894705
-1.08929        1.13116
-1.05357        1.13755
-1.01786       0.920268
-0.982143       0.977785
-0.946429       0.965003
-0.910714       0.901096
-0.875        1.04169
-0.839286       0.658247
-0.803571       0.645466
-0.767857       0.555995
-0.732143       0.645466
-0.696429       0.664638
-0.660714       0.543214
-0.625        0.51126
-0.589286       0.524041
-0.553571       0.466525
-0.517857       0.504869
-0.482143       0.607121
-0.446429       0.530432
-0.410714       0.447352
-0.375       0.568777
-0.339286       0.607121
-0.303571       0.709373
-0.267857       0.517651
-0.232143       0.664638
-0.196429       0.632684
-0.160714       0.524041
-0.125       0.492088
-0.0892857       0.524041
-0.0535714       0.504869
-0.0178571        0.51126
0.0178571       0.587949
0.0535714       0.492088
0.0892857       0.555995
0.125       0.709373
0.160714        0.59434
0.196429       0.645466
0.232143       0.619903
0.267857       0.607121
0.303571       0.607121
0.339286        0.51126
0.375       0.549604
0.410714       0.460134
0.446429       0.472915
0.482143       0.498478
0.517857       0.460134
0.553571       0.562386
0.589286       0.498478
0.625       0.434571
0.660714       0.504869
0.696429       0.472915
0.732143        0.59434
0.767857       0.543214
0.803571       0.555995
0.839286       0.786062
0.875       0.786062
0.910714       0.728545
0.946429       0.741327
0.982143       0.901096
1.01786       0.926659
1.05357        1.00974
1.08929       0.984175
1.125       0.869142
1.143       0.409008
1.16071       0.134206
1.19643              0
1.23214              0
1.26786              0
1.30357              0
1.33929              0
1.375              0
1.41071              0
1.44643              0
1.48214              0
