-1.48214              0
-1.44643              0
-1.41071              0
-1.375              0
-1.33929              0
-1.30357              0
-1.26786              0
-1.23214              0
-1.19643              0
-1.16071      0.0584596
-1.143       0.389731
-1.125       0.847665
-1.08929        1.10424
-1.05357       0.997062
-1.01786        0.85416
-0.982143       0.948345
-0.946429       0.928859
-0.910714       0.802196
-0.875       0.818435
-0.839286       0.652799
-0.803571       0.620322
-0.767857       0.571605
-0.732143       0.620322
-0.696429       0.656047
-0.660714       0.574853
-0.625       0.558614
-0.589286       0.571605
-0.553571       0.490411
-0.517857       0.542376
-0.482143       0.587844
-0.446429       0.509898
-0.410714       0.461182
-0.375       0.604083
-0.339286       0.623569
-0.303571        0.66579
-0.267857       0.522889
-0.232143        0.59434
-0.196429       0.607331
-0.160714       0.591092
-0.125       0.545623
-0.0892857       0.500155
-0.0535714       0.519641
-0.0178571       0.526137
0.0178571        0.56511
0.0535714       0.509898
0.0892857       0.620322
0.125        0.63656
0.160714       0.678781
0.196429       0.708011
0.232143       0.662543
0.267857       0.626817
0.303571       0.646304
0.339286       0.626817
0.375       0.610578
0.410714       0.555367
0.446429       0.500155
0.482143        0.53588
0.517857       0.500155
0.553571        0.56511
0.589286       0.522889
0.625        0.47742
0.660714       0.519641
0.696429       0.470925
0.732143       0.581349
0.767857       0.513146
0.803571        0.53588
0.839286       0.740489
0.875       0.750232
0.910714       0.730745
0.946429        0.72425
0.982143       0.850912
1.01786        0.94185
1.05357        1.03603
1.08929        1.01005
1.125       0.844417
1.143       0.428704
1.16071       0.123415
1.19643              0
1.23214              0
1.26786              0
1.30357              0
1.33929              0
1.375              0
1.41071              0
1.44643              0
1.48214              0
