-1.48214              0
-1.44643              0
-1.41071              0
-1.375              0
-1.33929              0
-1.30357              0
-1.26786              0
-1.23214              0
-1.19643              0
-1.16071      0.0807128
-1.143       0.413347
-1.125       0.826695
-1.08929        1.10307
-1.05357       0.946541
-1.01786       0.834032
-0.982143       0.953878
-0.946429       0.922082
-0.910714       0.785115
-0.875       0.794899
-0.839286        0.68239
-0.803571       0.687282
-0.767857       0.606569
-0.732143       0.650594
-0.696429       0.684836
-0.660714       0.599231
-0.625       0.550314
-0.589286       0.567435
-0.553571       0.518519
-0.517857       0.530748
-0.482143       0.599231
-0.446429       0.525856
-0.410714       0.457372
-0.375       0.579665
-0.339286       0.562544
-0.303571       0.604123
-0.267857       0.533194
-0.232143       0.584556
-0.196429       0.611461
-0.160714       0.577219
-0.125       0.574773
-0.0892857       0.520964
-0.0535714       0.535639
-0.0178571       0.513627
0.0178571       0.547869
0.0535714       0.533194
0.0892857       0.599231
0.125       0.591894
0.160714       0.667715
0.196429       0.699511
0.232143       0.667715
0.267857        0.62369
0.303571       0.662823
0.339286       0.643256
0.375       0.611461
0.410714       0.577219
0.446429       0.498952
0.482143       0.540531
0.517857       0.513627
0.553571       0.528302
0.589286       0.489168
0.625       0.486723
0.660714       0.540531
0.696429       0.479385
0.732143       0.550314
0.767857       0.513627
0.803571       0.545423
0.839286       0.719078
0.875       0.743536
0.910714       0.765549
0.946429       0.748428
0.982143       0.853599
1.01786        0.92942
1.05357        1.04682
1.08929        1.03948
1.125       0.821803
1.143       0.432914
1.16071       0.114955
1.19643              0
1.23214              0
1.26786              0
1.30357              0
1.33929              0
1.375              0
1.41071              0
1.44643              0
1.48214              0
