-1.48214              0
-1.44643              0
-1.41071              0
-1.375              0
-1.33929              0
-1.30357              0
-1.26786              0
-1.23214              0
-1.19643              0
-1.16071      0.0641775
-1.143       0.396226
-1.125       0.834308
-1.08929        1.09102
-1.05357       0.973824
-1.01786       0.859421
-0.982143       0.954292
-0.946429       0.895695
-0.910714       0.809195
-0.875       0.800824
-0.839286       0.664098
-0.803571       0.641775
-0.767857       0.583178
-0.732143       0.613872
-0.696429       0.661307
-0.660714       0.591549
-0.625       0.546904
-0.589286       0.572017
-0.553571       0.493888
-0.517857       0.532952
-0.482143       0.583178
-0.446429       0.507839
-0.410714       0.435291
-0.375       0.563646
-0.339286       0.583178
-0.303571        0.59992
-0.267857        0.51063
-0.232143       0.574807
-0.196429       0.611082
-0.160714       0.588759
-0.125       0.563646
-0.0892857       0.519001
-0.0535714       0.519001
-0.0178571       0.502259
0.0178571       0.569227
0.0535714       0.546904
0.0892857       0.622243
0.125       0.636195
0.160714       0.711533
0.196429       0.711533
0.232143       0.700372
0.267857       0.650146
0.303571       0.672469
0.339286       0.678049
0.375       0.636195
0.410714       0.591549
0.446429       0.496678
0.482143       0.541323
0.517857       0.519001
0.553571       0.541323
0.589286        0.51342
0.625       0.477146
0.660714       0.532952
0.696429       0.488307
0.732143       0.555275
0.767857       0.493888
0.803571       0.532952
0.839286       0.736646
0.875       0.739437
0.910714       0.714324
0.946429       0.719904
0.982143        0.85105
1.01786       0.931969
1.05357         1.0659
1.08929        1.03242
1.125       0.823146
1.143       0.440872
1.16071       0.119984
1.19643              0
1.23214              0
1.26786              0
1.30357              0
1.33929              0
1.375              0
1.41071              0
1.44643              0
1.48214              0
