-1.48214              0
-1.44643              0
-1.41071              0
-1.375              0
-1.33929              0
-1.30357              0
-1.26786              0
-1.23214              0
-1.19643              0
-1.16071       0.151673
-1.143       0.541476
-1.125       0.998965
-1.08929        1.18967
-1.05357        1.15805
-1.01786        1.03404
-0.982143       0.992048
-0.946429       0.954501
-0.910714       0.853715
-0.875       0.791465
-0.839286       0.785536
-0.803571       0.750953
-0.767857       0.752435
-0.732143       0.733661
-0.696429       0.716369
-0.660714       0.690679
-0.625       0.613607
-0.589286       0.568155
-0.553571        0.59928
-0.517857       0.589399
-0.482143       0.584459
-0.446429       0.602738
-0.410714       0.618548
-0.375       0.623982
-0.339286       0.661036
-0.303571       0.656096
-0.267857       0.631887
-0.232143       0.662024
-0.196429       0.669435
-0.160714       0.678328
-0.125       0.704018
-0.0892857       0.668941
-0.0535714       0.653131
-0.0178571       0.680798
0.0178571       0.643744
0.0535714       0.644733
0.0892857       0.635346
0.125       0.629911
0.160714       0.649179
0.196429       0.628429
0.232143       0.613113
0.267857       0.590881
0.303571       0.619536
0.339286       0.619042
0.375       0.620524
0.410714       0.598786
0.446429        0.63831
0.482143       0.616572
0.517857       0.607679
0.553571       0.594834
0.589286       0.619536
0.625       0.611631
0.660714       0.627935
0.696429       0.644733
0.732143       0.652143
0.767857       0.699078
0.803571        0.74453
0.839286       0.766268
0.875        0.82259
0.910714       0.862114
0.946429       0.912506
0.982143       0.989578
1.01786        1.07801
1.05357        1.15657
1.08929        1.25044
1.125       0.997483
1.143       0.510351
1.16071       0.141792
1.19643              0
1.23214              0
1.26786              0
1.30357              0
1.33929              0
1.375              0
1.41071              0
1.44643              0
1.48214              0
