-1.48214              0
-1.44643              0
-1.41071              0
-1.375              0
-1.33929              0
-1.30357              0
-1.26786              0
-1.23214              0
-1.19643              0
-1.16071       0.145041
-1.143       0.540938
-1.125        1.01133
-1.08929        1.24142
-1.05357        1.18209
-1.01786        1.05979
-0.982143       0.998477
-0.946429        0.95925
-0.910714       0.891345
-0.875       0.827395
-0.839286       0.799375
-0.803571       0.745644
-0.767857       0.725536
-0.732143       0.704439
-0.696429       0.683342
-0.660714       0.675431
-0.625       0.615107
-0.589286       0.562365
-0.553571       0.608514
-0.517857       0.599614
-0.482143        0.59368
-0.446429       0.586428
-0.410714       0.595329
-0.375        0.60291
-0.339286       0.652356
-0.303571       0.642137
-0.267857       0.639171
-0.232143       0.644774
-0.196429       0.681694
-0.160714       0.662575
-0.125       0.698506
-0.0892857       0.665542
-0.0535714        0.65796
-0.0178571       0.661916
0.0178571       0.629281
0.0535714       0.642137
0.0892857       0.641148
0.125       0.632248
0.160714       0.638182
0.196429         0.6395
0.232143       0.615107
0.267857       0.608184
0.303571       0.623018
0.339286       0.622359
0.375       0.634885
0.410714       0.618403
0.446429       0.629281
0.482143       0.592032
0.517857       0.595988
0.553571       0.577858
0.589286       0.606536
0.625       0.616755
0.660714       0.613129
0.696429       0.652026
0.732143       0.652026
0.767857       0.689276
0.803571       0.736744
0.839286       0.763445
0.875       0.821791
0.910714       0.873214
0.946429       0.926286
0.982143        1.00375
1.01786        1.09045
1.05357        1.15572
1.08929        1.25131
1.125         0.9965
1.143       0.519182
1.16071       0.138119
1.19643              0
1.23214              0
1.26786              0
1.30357              0
1.33929              0
1.375              0
1.41071              0
1.44643              0
1.48214              0
