-1.48214              0
-1.44643              0
-1.41071              0
-1.375              0
-1.33929              0
-1.30357              0
-1.26786              0
-1.23214              0
-1.19643              0
-1.16071       0.148288
-1.143       0.530675
-1.125        1.01904
-1.08929         1.3425
-1.05357        1.26104
-1.01786        1.14834
-0.982143        1.01429
-0.946429       0.944696
-0.910714       0.896057
-0.875       0.821715
-0.839286        0.76675
-0.803571       0.724438
-0.767857       0.690826
-0.732143       0.650491
-0.696429       0.627556
-0.660714       0.610948
-0.625       0.605016
-0.589286       0.564287
-0.553571       0.559146
-0.517857       0.519602
-0.482143       0.562309
-0.446429        0.57694
-0.410714        0.59513
-0.375       0.621229
-0.339286       0.651282
-0.303571       0.650887
-0.267857       0.667891
-0.232143        0.67659
-0.196429       0.661564
-0.160714       0.665123
-0.125       0.647328
-0.0892857       0.666704
-0.0535714       0.624788
-0.0178571       0.675799
0.0178571       0.674218
0.0535714       0.669472
0.0892857       0.664332
0.125       0.650887
0.160714       0.639815
0.196429       0.658796
0.232143       0.641001
0.267857       0.577731
0.303571       0.615693
0.339286       0.620043
0.375       0.606598
0.410714       0.627161
0.446429       0.598689
0.482143       0.621229
0.517857       0.647723
0.553571       0.605807
0.589286       0.632697
0.625       0.655632
0.660714       0.647723
0.696429       0.688058
0.732143       0.669868
0.767857       0.672636
0.803571       0.748955
0.839286       0.782962
0.875       0.786917
0.910714       0.847814
0.946429       0.910688
0.982143       0.990171
1.01786        1.05463
1.05357        1.12185
1.08929        1.22862
1.125       0.986612
1.143       0.538979
1.16071       0.143543
1.19643              0
1.23214              0
1.26786              0
1.30357              0
1.33929              0
1.375              0
1.41071              0
1.44643              0
1.48214              0
