-1.48214              0
-1.44643              0
-1.41071              0
-1.375              0
-1.33929              0
-1.30357              0
-1.26786              0
-1.23214              0
-1.19643              0
-1.16071       0.147846
-1.143       0.529288
-1.125        1.01915
-1.08929        1.38581
-1.05357         1.2281
-1.01786        1.15911
-0.982143       0.979724
-0.946429       0.895945
-0.910714       0.866376
-0.875       0.780625
-0.839286       0.735286
-0.803571       0.684033
-0.767857       0.650521
-0.732143       0.647564
-0.696429       0.607153
-0.660714       0.569699
-0.625       0.556885
-0.589286       0.539144
-0.553571        0.51056
-0.517857       0.491833
-0.482143       0.516474
-0.446429        0.59434
-0.410714       0.609124
-0.375       0.601239
-0.339286       0.662349
-0.303571       0.626866
-0.267857       0.682061
-0.232143       0.706702
-0.196429        0.68009
-0.160714       0.677133
-0.125       0.640665
-0.0892857       0.697832
-0.0535714       0.609124
-0.0178571       0.686004
0.0178571       0.675162
0.0535714       0.682061
0.0892857       0.686004
0.125       0.674176
0.160714       0.651507
0.196429       0.678119
0.232143       0.653478
0.267857       0.592368
0.303571        0.66432
0.339286       0.652492
0.375       0.642636
0.410714       0.689946
0.446429       0.617995
0.482143        0.65742
0.517857       0.688961
0.553571       0.617009
0.589286       0.629823
0.625       0.654464
0.660714       0.634751
0.696429       0.716559
0.732143       0.673191
0.767857       0.647564
0.803571       0.785553
0.839286       0.762884
0.875       0.781611
0.910714       0.877218
0.946429       0.905801
0.982143        1.01422
1.01786       0.979724
1.05357        1.15221
1.08929         1.2419
1.125       0.977753
1.143       0.548015
1.16071       0.142917
1.19643              0
1.23214              0
1.26786              0
1.30357              0
1.33929              0
1.375              0
1.41071              0
1.44643              0
1.48214              0
