-1.48214              0
-1.44643              0
-1.41071              0
-1.375              0
-1.33929              0
-1.30357              0
-1.26786              0
-1.23214              0
-1.19643    0.000247332
-1.16071       0.148152
-1.143       0.539927
-1.125        1.00541
-1.08929        1.23493
-1.05357        1.18967
-1.01786        1.05141
-0.982143       0.988835
-0.946429       0.946294
-0.910714       0.874815
-0.875       0.831037
-0.839286       0.790474
-0.803571       0.739771
-0.767857       0.717511
-0.732143       0.702671
-0.696429        0.67868
-0.660714       0.669776
-0.625       0.619815
-0.589286       0.561197
-0.553571       0.611406
-0.517857       0.603986
-0.482143       0.589146
-0.446429        0.60819
-0.410714       0.603738
-0.375       0.622783
-0.339286       0.659141
-0.303571       0.652215
-0.267857       0.632676
-0.232143       0.647516
-0.196429        0.67497
-0.160714       0.660377
-0.125        0.66755
-0.0892857       0.669776
-0.0535714       0.655183
-0.0178571       0.651721
0.0178571       0.629461
0.0535714        0.64529
0.0892857       0.640096
0.125       0.637623
0.160714        0.63416
0.196429       0.638365
0.232143       0.627235
0.267857       0.612642
0.303571       0.619073
0.339286       0.617836
0.375       0.607696
0.410714       0.618331
0.446429       0.618084
0.482143       0.595082
0.517857       0.592608
0.553571        0.57851
0.589286       0.613137
0.625       0.621299
0.660714       0.626493
0.696429       0.660872
0.732143       0.649742
0.767857       0.695746
0.803571       0.742986
0.839286       0.775634
0.875       0.811745
0.910714       0.876546
0.946429       0.927249
0.982143        1.00046
1.01786        1.09049
1.05357        1.16939
1.08929        1.27203
1.125        1.00293
1.143       0.527807
1.16071       0.137269
1.19643              0
1.23214              0
1.26786              0
1.30357              0
1.33929              0
1.375              0
1.41071              0
1.44643              0
1.48214              0
