-1.48214              0
-1.44643              0
-1.41071              0
-1.375              0
-1.33929              0
-1.30357              0
-1.26786              0
-1.23214              0
-1.19643              0
-1.16071        0.15496
-1.143       0.511956
-1.125       0.980758
-1.08929        1.22987
-1.05357        1.16514
-1.01786        1.12199
-0.982143        1.08472
-0.946429       0.876798
-0.910714       0.843452
-0.875       0.857183
-0.839286       0.823837
-0.803571       0.792453
-0.767857       0.794414
-0.732143       0.747338
-0.696429         0.7238
-0.660714       0.635531
-0.625       0.635531
-0.589286       0.684569
-0.553571       0.533533
-0.517857       0.588455
-0.482143       0.545302
-0.446429       0.566878
-0.410714       0.631608
-0.375       0.602186
-0.339286        0.63357
-0.303571       0.613955
-0.267857       0.598263
-0.232143       0.547263
-0.196429       0.621801
-0.160714       0.559032
-0.125       0.592378
-0.0892857       0.606109
-0.0535714        0.54334
-0.0178571       0.623762
0.0178571       0.629647
0.0535714       0.700262
0.0892857       0.606109
0.125       0.666916
0.160714       0.637493
0.196429       0.617878
0.232143       0.635531
0.267857       0.639455
0.303571       0.627685
0.339286       0.588455
0.375       0.586494
0.410714       0.649262
0.446429       0.655147
0.482143        0.65907
0.517857       0.653185
0.553571       0.670839
0.589286       0.747338
0.625       0.588455
0.660714       0.598263
0.696429       0.676723
0.732143       0.666916
0.767857       0.668877
0.803571       0.719877
0.839286       0.817953
0.875       0.965066
0.910714       0.976835
0.946429       0.912105
0.982143         1.0141
1.01786        1.07295
1.05357        1.07491
1.08929        1.15141
1.125       0.965066
1.143       0.515879
1.16071       0.147114
1.19643              0
1.23214              0
1.26786              0
1.30357              0
1.33929              0
1.375              0
1.41071              0
1.44643              0
1.48214              0
