-1.48214              0
-1.44643              0
-1.41071              0
-1.375              0
-1.33929              0
-1.30357              0
-1.26786              0
-1.23214              0
-1.19643              0
-1.16071       0.146395
-1.143       0.517751
-1.125        1.01911
-1.08929        1.31105
-1.05357        1.23503
-1.01786        1.14742
-0.982143        1.01431
-0.946429       0.946195
-0.910714       0.902673
-0.875       0.848411
-0.839286       0.778605
-0.803571       0.732256
-0.767857       0.689864
-0.732143       0.669798
-0.696429       0.650863
-0.660714       0.627123
-0.625       0.603383
-0.589286         0.5901
-0.553571       0.573991
-0.517857       0.547708
-0.482143       0.569469
-0.446429       0.596035
-0.410714       0.584165
-0.375        0.62684
-0.339286        0.64945
-0.303571       0.664146
-0.267857       0.663298
-0.232143       0.664428
-0.196429       0.657363
-0.160714        0.65058
-0.125       0.640689
-0.0892857       0.653689
-0.0535714       0.621188
-0.0178571       0.666972
0.0178571       0.658493
0.0535714       0.657928
0.0892857       0.640406
0.125       0.648884
0.160714       0.637015
0.196429       0.644928
0.232143       0.639841
0.267857       0.591513
0.303571        0.61921
0.339286       0.625145
0.375       0.605644
0.410714       0.634754
0.446429       0.592927
0.482143       0.612992
0.517857       0.623449
0.553571        0.60734
0.589286       0.630514
0.625       0.641819
0.660714       0.625993
0.696429       0.658211
0.732143        0.67432
0.767857       0.691842
0.803571       0.759387
0.839286       0.790757
0.875       0.790475
0.910714       0.859715
0.946429       0.901542
0.982143       0.998197
1.01786        1.04539
1.05357        1.14148
1.08929        1.23107
1.125       0.978696
1.143       0.540925
1.16071       0.144699
1.19643              0
1.23214              0
1.26786              0
1.30357              0
1.33929              0
1.375              0
1.41071              0
1.44643              0
1.48214              0
