-1.48214              0
-1.44643              0
-1.41071              0
-1.375              0
-1.33929              0
-1.30357              0
-1.26786              0
-1.23214              0
-1.19643              0
-1.16071       0.151382
-1.143       0.545634
-1.125        1.01294
-1.08929        1.19197
-1.05357        1.16498
-1.01786        1.03532
-0.982143       0.989908
-0.946429       0.943177
-0.910714        0.85498
-0.875       0.791795
-0.839286       0.795744
-0.803571       0.764151
-0.767857       0.754278
-0.732143       0.719394
-0.696429       0.706231
-0.660714       0.682536
-0.625       0.603554
-0.589286       0.564721
-0.553571       0.593681
-0.517857       0.583151
-0.482143       0.581176
-0.446429       0.594998
-0.410714       0.626591
-0.375       0.620667
-0.339286       0.656209
-0.303571       0.635147
-0.267857        0.61606
-0.232143       0.673322
-0.196429       0.683194
-0.160714       0.691093
-0.125       0.721369
-0.0892857       0.682536
-0.0535714       0.675296
-0.0178571       0.691751
0.0178571       0.641071
0.0535714       0.634489
0.0892857       0.605529
0.125       0.624616
0.160714       0.646994
0.196429       0.609478
0.232143       0.599605
0.267857        0.57986
0.303571       0.616718
0.339286       0.625932
0.375       0.639754
0.410714        0.60882
0.446429       0.647652
0.482143       0.611452
0.517857       0.613427
0.553571       0.585125
0.589286       0.618692
0.625       0.597631
0.660714       0.609478
0.696429       0.648311
0.732143       0.648311
0.767857       0.698333
0.803571       0.752304
0.839286       0.754936
0.875       0.835235
0.910714       0.872751
0.946429       0.920799
0.982143        1.00176
1.01786        1.05968
1.05357        1.16959
1.08929        1.26371
1.125       0.997806
1.143       0.515358
1.16071       0.154015
1.19643              0
1.23214              0
1.26786              0
1.30357              0
1.33929              0
1.375              0
1.41071              0
1.44643              0
1.48214              0
