-1.48214              0
-1.44643              0
-1.41071              0
-1.375              0
-1.33929              0
-1.30357              0
-1.26786              0
-1.23214              0
-1.19643              0
-1.16071      0.0983155
-1.143       0.364113
-1.125       0.697102
-1.08929       0.950548
-1.05357       0.885828
-1.01786       0.876935
-0.982143       0.759846
-0.946429       0.718346
-0.910714       0.709947
-0.875       0.652143
-0.839286          0.664
-0.803571       0.619536
-0.767857       0.630899
-0.732143       0.603727
-0.696429        0.59434
-0.660714          0.581
-0.625       0.575566
-0.589286       0.562227
-0.553571       0.561238
-0.517857       0.559262
-0.482143       0.587917
-0.446429       0.588905
-0.410714       0.601256
-0.375        0.61756
-0.339286       0.603727
-0.303571       0.647697
-0.267857        0.65659
-0.232143       0.642756
-0.196429       0.680798
-0.160714       0.662518
-0.125       0.685738
-0.0892857       0.667459
-0.0535714       0.676846
-0.0178571       0.675363
0.0178571       0.644733
0.0535714       0.641274
0.0892857       0.655602
0.125       0.630405
0.160714       0.611631
0.196429       0.629911
0.232143       0.616572
0.267857       0.617066
0.303571       0.609655
0.339286       0.578036
0.375       0.598292
0.410714       0.567167
0.446429       0.529125
0.482143       0.553828
0.517857       0.557286
0.553571       0.562227
0.589286       0.602738
0.625       0.602738
0.660714       0.588905
0.696429       0.553334
0.732143       0.602738
0.767857       0.622006
0.803571        0.66153
0.839286       0.647203
0.875        0.67734
0.910714       0.692161
0.946429       0.732673
0.982143       0.779608
1.01786       0.815179
1.05357           0.83
1.08929       0.896697
1.125       0.697102
1.143        0.36856
1.16071      0.0993036
1.19643              0
1.23214              0
1.26786              0
1.30357              0
1.33929              0
1.375              0
1.41071              0
1.44643              0
1.48214              0
