-1.48214              0
-1.44643              0
-1.41071              0
-1.375              0
-1.33929              0
-1.30357              0
-1.26786              0
-1.23214              0
-1.19643              0
-1.16071         0.1101
-1.143       0.370515
-1.125       0.690265
-1.08929       0.951669
-1.05357       0.852447
-1.01786       0.835965
-0.982143       0.774323
-0.946429       0.756193
-0.910714       0.720262
-0.875       0.684331
-0.839286       0.676749
-0.803571        0.64873
-0.767857       0.623348
-0.732143       0.594999
-0.696429       0.609173
-0.660714       0.582802
-0.625        0.55775
-0.589286       0.569946
-0.553571        0.59368
-0.517857       0.613459
-0.482143       0.607525
-0.446429       0.620381
-0.410714       0.617414
-0.375       0.617744
-0.339286       0.583132
-0.303571       0.595329
-0.267857       0.611151
-0.232143       0.624337
-0.196429       0.635874
-0.160714       0.652356
-0.125       0.638182
-0.0892857       0.654993
-0.0535714       0.660597
-0.0178571       0.635874
0.0178571        0.62137
0.0535714       0.612799
0.0892857       0.627304
0.125       0.627963
0.160714       0.628622
0.196429       0.619722
0.232143       0.632578
0.267857       0.597636
0.303571       0.616096
0.339286       0.598955
0.375       0.585769
0.410714       0.606536
0.446429       0.582802
0.482143       0.561705
0.517857        0.56665
0.553571       0.573902
0.589286       0.551157
0.625       0.573902
0.660714       0.581813
0.696429       0.577198
0.732143       0.587417
0.767857       0.617744
0.803571       0.615766
0.839286       0.657301
0.875       0.707736
0.910714       0.734107
0.946429       0.734436
0.982143       0.800364
1.01786       0.826735
1.05357       0.882444
1.08929       0.878489
1.125       0.712021
1.143       0.371174
1.16071      0.0998807
1.19643              0
1.23214              0
1.26786              0
1.30357              0
1.33929              0
1.375              0
1.41071              0
1.44643              0
1.48214              0
