-1.48214              0
-1.44643              0
-1.41071              0
-1.375              0
-1.33929              0
-1.30357              0
-1.26786              0
-1.23214              0
-1.19643              0
-1.16071        0.10388
-1.143       0.368773
-1.125       0.702177
-1.08929       0.934669
-1.05357       0.865663
-1.01786       0.833015
-0.982143       0.775634
-0.946429       0.753869
-0.910714       0.719737
-0.875       0.688573
-0.839286       0.689563
-0.803571       0.664829
-0.767857       0.632181
-0.732143       0.604728
-0.696429       0.605717
-0.660714       0.587414
-0.625       0.578263
-0.589286       0.569112
-0.553571       0.595082
-0.517857       0.602502
-0.482143       0.599534
-0.446429       0.601265
-0.410714        0.62031
-0.375       0.602007
-0.339286       0.584694
-0.303571       0.602996
-0.267857       0.621052
-0.232143       0.626987
-0.196429       0.635397
-0.160714       0.636139
-0.125       0.626245
-0.0892857       0.644548
-0.0535714       0.644301
-0.0178571       0.631439
0.0178571       0.626987
0.0535714       0.614868
0.0892857       0.638117
0.125       0.628471
0.160714       0.627235
0.196429       0.638612
0.232143       0.637375
0.267857       0.611653
0.303571       0.630945
0.339286       0.610911
0.375       0.601512
0.410714       0.617836
0.446429       0.590382
0.482143       0.565896
0.517857        0.57109
0.553571       0.569854
0.589286       0.565154
0.625       0.577026
0.660714       0.575295
0.696429       0.571338
0.732143       0.601512
0.767857       0.617342
0.803571       0.605222
0.839286        0.66013
0.875       0.691047
0.910714       0.704403
0.946429       0.730372
0.982143       0.776376
1.01786       0.804325
1.05357       0.865663
1.08929       0.882976
1.125       0.706381
1.143       0.374709
1.16071        0.10017
1.19643              0
1.23214              0
1.26786              0
1.30357              0
1.33929              0
1.375              0
1.41071              0
1.44643              0
1.48214              0
