-1.48214              0
-1.44643              0
-1.41071              0
-1.375              0
-1.33929              0
-1.30357              0
-1.26786              0
-1.23214              0
-1.19643              0
-1.16071       0.107111
-1.143        0.36853
-1.125       0.699472
-1.08929       0.941108
-1.05357       0.855193
-1.01786       0.837954
-0.982143       0.779453
-0.946429       0.765887
-0.910714       0.720103
-0.875       0.689016
-0.839286        0.68619
-0.803571        0.66245
-0.767857       0.629667
-0.732143       0.596318
-0.696429       0.604514
-0.660714       0.583318
-0.625       0.564382
-0.589286       0.563252
-0.553571       0.599709
-0.517857       0.603383
-0.482143       0.602818
-0.446429       0.611862
-0.410714       0.624862
-0.375       0.609883
-0.339286       0.585861
-0.303571       0.603949
-0.267857        0.62034
-0.232143       0.625993
-0.196429       0.635319
-0.160714       0.638993
-0.125       0.624014
-0.0892857       0.642667
-0.0535714       0.648884
-0.0178571        0.63108
0.0178571       0.621471
0.0535714        0.61271
0.0892857       0.630797
0.125       0.631927
0.160714       0.619492
0.196429       0.627123
0.232143       0.628536
0.267857       0.603383
0.303571       0.618079
0.339286       0.603666
0.375       0.603383
0.410714       0.614405
0.446429       0.584448
0.482143         0.5641
0.517857       0.568622
0.553571       0.580491
0.589286       0.563535
0.625       0.570883
0.660714       0.570317
0.696429       0.577948
0.732143       0.597448
0.767857       0.618079
0.803571       0.607623
0.839286       0.655102
0.875       0.688168
0.910714        0.71869
0.946429       0.735082
0.982143       0.786801
1.01786       0.821562
1.05357       0.883738
1.08929       0.885433
1.125       0.713321
1.143       0.373335
1.16071      0.0986327
1.19643              0
1.23214              0
1.26786              0
1.30357              0
1.33929              0
1.375              0
1.41071              0
1.44643              0
1.48214              0
