-1.48214              0
-1.44643              0
-1.41071              0
-1.375              0
-1.33929              0
-1.30357              0
-1.26786              0
-1.23214              0
-1.19643              0
-1.16071      0.0985638
-1.143       0.360743
-1.125       0.699803
-1.08929       0.976767
-1.05357       0.892988
-1.01786       0.885103
-0.982143       0.785553
-0.946429        0.70276
-0.910714        0.70276
-0.875       0.654464
-0.839286       0.647564
-0.803571        0.59434
-0.767857       0.629823
-0.732143       0.552943
-0.696429       0.593354
-0.660714       0.582512
-0.625       0.585469
-0.589286       0.563785
-0.553571       0.558857
-0.517857        0.57167
-0.482143       0.611095
-0.446429       0.617995
-0.410714       0.617009
-0.375       0.627851
-0.339286       0.633765
-0.303571       0.684033
-0.267857       0.656435
-0.232143       0.645593
-0.196429       0.630808
-0.160714       0.654464
-0.125       0.624894
-0.0892857       0.660377
-0.0535714       0.649535
-0.0178571       0.646578
0.0178571       0.604196
0.0535714       0.605182
0.0892857       0.646578
0.125       0.633765
0.160714       0.568713
0.196429       0.602225
0.232143       0.617995
0.267857       0.619966
0.303571       0.612081
0.339286       0.609124
0.375       0.586455
0.410714       0.589411
0.446429       0.528302
0.482143       0.543086
0.517857        0.51746
0.553571       0.536187
0.589286       0.589411
0.625        0.65742
0.660714       0.602225
0.696429       0.572656
0.732143       0.623909
0.767857       0.640665
0.803571       0.711631
0.839286       0.710645
0.875       0.719516
0.910714       0.679104
0.946429       0.720501
0.982143       0.768798
1.01786       0.839763
1.05357       0.822022
1.08929       0.889045
1.125       0.681076
1.143       0.374542
1.16071       0.111377
1.19643              0
1.23214              0
1.26786              0
1.30357              0
1.33929              0
1.375              0
1.41071              0
1.44643              0
1.48214              0
