-1.4881              0
-1.46429              0
-1.44048              0
-1.41667              0
-1.39286              0
-1.36905              0
-1.34524              0
-1.32143              0
-1.29762              0
-1.27381      0.0676723
-1.263       0.238324
-1.25       0.500187
-1.22619       0.776761
-1.20238       0.691435
-1.17857       0.638474
-1.15476       0.653185
-1.13095       0.803241
-1.10714       0.717915
-1.08333       0.717915
-1.05952       0.609051
-1.03571       0.626705
-1.0119       0.653185
-0.988095       0.611993
-0.964286       0.641416
-0.940476       0.506071
-0.916667       0.656127
-0.892857       0.629647
-0.869048       0.647301
-0.845238       0.662012
-0.821429       0.573744
-0.797619        0.55609
-0.77381        0.55609
-0.75       0.511956
-0.72619       0.682608
-0.702381       0.597282
-0.678571       0.532552
-0.654762        0.62082
-0.630952       0.688492
-0.607143       0.600224
-0.583333       0.582571
-0.559524       0.653185
-0.535714       0.567859
-0.511905       0.611993
-0.488095       0.611993
-0.464286       0.550205
-0.440476       0.614936
-0.416667        0.65907
-0.392857       0.676723
-0.369048       0.638474
-0.345238        0.65907
-0.321429       0.667897
-0.297619       0.629647
-0.27381       0.579628
-0.25       0.623762
-0.22619       0.576686
-0.202381       0.638474
-0.178571       0.635531
-0.154762       0.564917
-0.130952       0.597282
-0.107143       0.579628
-0.0833333       0.606109
-0.0595238       0.579628
-0.0357143        0.55609
-0.0119048       0.597282
0.0119048       0.606109
0.0357143       0.541379
0.0595238        0.55609
0.0833333       0.564917
0.107143       0.564917
0.130952       0.579628
0.154762       0.591397
0.178571       0.544321
0.202381       0.603166
0.22619       0.573744
0.25       0.635531
0.27381       0.514898
0.297619       0.564917
0.321429       0.579628
0.345238       0.573744
0.369048       0.541379
0.392857       0.523725
0.416667       0.535494
0.440476        0.52961
0.464286       0.567859
0.488095       0.579628
0.511905       0.579628
0.535714        0.55609
0.559524       0.600224
0.583333       0.567859
0.607143       0.635531
0.630952       0.573744
0.654762       0.611993
0.678571       0.626705
0.702381       0.653185
0.72619       0.641416
0.75       0.576686
0.77381       0.559032
0.797619       0.626705
0.821429       0.506071
0.845238       0.535494
0.869048        0.62082
0.892857        0.59434
0.916667       0.579628
0.940476       0.514898
0.964286       0.564917
0.988095       0.506071
1.0119       0.514898
1.03571       0.544321
1.05952       0.576686
1.08333       0.520783
1.10714       0.576686
1.13095       0.473706
1.15476       0.514898
1.17857       0.485475
1.20238       0.564917
1.22619       0.567859
1.25       0.473706
1.263       0.300112
1.27381      0.0941528
1.29762              0
1.32143              0
1.34524              0
1.36905              0
1.39286              0
1.41667              0
1.44048              0
1.46429              0
1.4881              0
