-1.4881              0
-1.46429              0
-1.44048              0
-1.41667              0
-1.39286              0
-1.36905              0
-1.34524              0
-1.32143              0
-1.29762              0
-1.27381      0.0819438
-1.263       0.278412
-1.25        0.53609
-1.22619       0.686156
-1.20238       0.661474
-1.17857        0.69208
-1.15476       0.711825
-1.13095       0.663449
-1.10714        0.67036
-1.08333       0.654563
-1.05952       0.685169
-1.03571       0.581505
-1.0119       0.609149
-0.988095       0.582492
-0.964286       0.651602
-0.940476       0.563734
-0.916667       0.569658
-0.892857       0.567683
-0.869048       0.551887
-0.845238       0.578543
-0.821429       0.498574
-0.797619       0.538065
-0.77381       0.554849
-0.75        0.54695
-0.72619       0.507459
-0.702381       0.534116
-0.678571       0.552874
-0.654762       0.518319
-0.630952       0.508447
-0.607143       0.526218
-0.583333       0.538065
-0.559524       0.573607
-0.535714       0.570645
-0.511905       0.565709
-0.488095       0.541027
-0.464286       0.538065
-0.440476       0.538065
-0.416667       0.533129
-0.392857       0.567683
-0.369048       0.547938
-0.345238       0.542014
-0.321429       0.549912
-0.297619       0.556823
-0.27381       0.552874
-0.25       0.577556
-0.22619       0.570645
-0.202381        0.57262
-0.178571       0.620996
-0.154762        0.61606
-0.130952       0.595327
-0.107143       0.558798
-0.0833333        0.61606
-0.0595238       0.577556
-0.0357143        0.53609
-0.0119048       0.537078
0.0119048       0.574594
0.0357143       0.544976
0.0595238       0.569658
0.0833333       0.554849
0.107143       0.535103
0.130952       0.607174
0.154762        0.59434
0.178571       0.558798
0.202381       0.589403
0.22619       0.630869
0.25       0.635805
0.27381       0.619022
0.297619         0.6595
0.321429       0.652589
0.345238       0.677271
0.369048       0.600263
0.392857       0.567683
0.416667        0.61606
0.440476       0.620009
0.464286       0.631856
0.488095       0.668385
0.511905       0.627907
0.535714       0.617047
0.559524       0.635805
0.583333       0.618034
0.607143       0.585454
0.630952       0.611123
0.654762        0.57953
0.678571       0.585454
0.702381       0.601251
0.72619       0.564721
0.75       0.538065
0.77381       0.520294
0.797619       0.508447
0.821429       0.553861
0.845238       0.520294
0.869048       0.539052
0.892857       0.532141
0.916667       0.580518
0.940476       0.645678
0.964286       0.614085
0.988095       0.607174
1.0119       0.669373
1.03571       0.666411
1.05952       0.683194
1.08333       0.667398
1.10714       0.682207
1.13095       0.676283
1.15476       0.694054
1.17857       0.739469
1.20238       0.658513
1.22619       0.675296
1.25       0.535103
1.263       0.239908
1.27381       0.078982
1.29762              0
1.32143              0
1.34524              0
1.36905              0
1.39286              0
1.41667              0
1.44048              0
1.46429              0
1.4881              0
