-1.4881              0
-1.46429              0
-1.44048              0
-1.41667              0
-1.39286              0
-1.36905              0
-1.34524              0
-1.32143              0
-1.29762              0
-1.27381      0.0867054
-1.263       0.280125
-1.25       0.517268
-1.22619          0.664
-1.20238       0.665483
-1.17857       0.683268
-1.15476       0.666965
-1.13095        0.68475
-1.10714       0.645474
-1.08333       0.655108
-1.05952       0.692161
-1.03571       0.588411
-1.0119       0.618054
-0.988095       0.603232
-0.964286       0.649179
-0.940476       0.568402
-0.916667       0.572849
-0.892857       0.563956
-0.869048       0.550616
-0.845238       0.564697
-0.821429       0.502447
-0.797619       0.522456
-0.77381       0.549875
-0.75       0.547652
-0.72619       0.512822
-0.702381       0.544688
-0.678571        0.54617
-0.654762       0.536536
-0.630952       0.521715
-0.607143       0.537277
-0.583333       0.520974
-0.559524       0.564697
-0.535714       0.570625
-0.511905        0.55284
-0.488095       0.548393
-0.464286         0.5395
-0.440476       0.561732
-0.416667       0.540982
-0.392857       0.554322
-0.369048       0.578036
-0.345238       0.540241
-0.321429       0.578777
-0.297619       0.572849
-0.27381       0.562474
-0.25       0.582482
-0.22619       0.563956
-0.202381       0.572849
-0.178571       0.605456
-0.154762       0.612866
-0.130952       0.589893
-0.107143       0.557286
-0.0833333       0.607679
-0.0595238       0.572849
-0.0357143       0.543947
-0.0119048       0.538759
0.0119048       0.590634
0.0357143       0.555804
0.0595238       0.569143
0.0833333       0.561732
0.107143       0.546911
0.130952       0.615831
0.154762       0.596563
0.178571       0.563956
0.202381       0.613607
0.22619       0.632134
0.25       0.630652
0.27381       0.639545
0.297619       0.679563
0.321429       0.643991
0.345238       0.660295
0.369048       0.620277
0.392857       0.557286
0.416667       0.592857
0.440476       0.614349
0.464286       0.618054
0.488095       0.646215
0.511905       0.614349
0.535714       0.610643
0.559524       0.628429
0.583333       0.603974
0.607143       0.596563
0.630952       0.599527
0.654762       0.601009
0.678571       0.609161
0.702381       0.615831
0.72619       0.574331
0.75       0.542465
0.77381       0.541724
0.797619       0.531349
0.821429       0.549875
0.845238       0.532831
0.869048        0.55284
0.892857       0.568402
0.916667       0.595081
0.940476       0.646956
0.964286       0.598786
0.988095       0.583965
1.0119       0.646215
1.03571       0.641027
1.05952        0.65659
1.08333       0.672893
1.10714       0.658072
1.13095       0.635099
1.15476        0.69142
1.17857       0.738849
1.20238       0.638804
1.22619          0.664
1.25       0.533572
1.263       0.246036
1.27381      0.0792947
1.29762              0
1.32143              0
1.34524              0
1.36905              0
1.39286              0
1.41667              0
1.44048              0
1.46429              0
1.4881              0
