-1.4881              0
-1.46429              0
-1.44048              0
-1.41667              0
-1.39286              0
-1.36905              0
-1.34524              0
-1.32143              0
-1.29762              0
-1.27381      0.0783582
-1.263       0.240988
-1.25       0.501197
-1.22619       0.720008
-1.20238       0.714095
-1.17857       0.677133
-1.15476       0.656435
-1.13095       0.736271
-1.10714       0.654956
-1.08333       0.657913
-1.05952       0.629823
-1.03571       0.600253
-1.0119       0.626866
-0.988095       0.629823
-0.964286       0.610603
-0.940476       0.523374
-0.916667       0.634258
-0.892857       0.578077
-0.869048       0.585469
-0.845238       0.585469
-0.821429       0.567727
-0.797619       0.545551
-0.77381       0.523374
-0.75        0.56477
-0.72619       0.635736
-0.702381       0.573641
-0.678571        0.49824
-0.654762       0.576598
-0.630952       0.628344
-0.607143       0.595818
-0.583333       0.541115
-0.559524       0.620952
-0.535714       0.535201
-0.511905       0.570684
-0.488095       0.592861
-0.464286       0.595818
-0.440476       0.607646
-0.416667       0.610603
-0.392857       0.609124
-0.369048       0.620952
-0.345238       0.654956
-0.321429        0.60321
-0.297619       0.588426
-0.27381        0.60321
-0.25       0.615038
-0.22619       0.586947
-0.202381       0.646086
-0.178571       0.620952
-0.154762       0.591383
-0.130952       0.629823
-0.107143       0.635736
-0.0833333       0.663827
-0.0595238       0.626866
-0.0357143       0.561814
-0.0119048       0.585469
0.0119048       0.598775
0.0357143       0.533723
0.0595238       0.538158
0.0833333       0.581034
0.107143       0.572163
0.130952       0.573641
0.154762       0.606167
0.178571        0.57512
0.202381       0.623909
0.22619       0.581034
0.25       0.626866
0.27381       0.526331
0.297619       0.554421
0.321429       0.586947
0.345238       0.589904
0.369048       0.597297
0.392857       0.635736
0.416667       0.595818
0.440476        0.58399
0.464286       0.573641
0.488095       0.582512
0.511905       0.597297
0.535714       0.557378
0.559524       0.600253
0.583333        0.57512
0.607143       0.582512
0.630952       0.585469
0.654762       0.573641
0.678571        0.59434
0.702381       0.560335
0.72619       0.579555
0.75       0.539637
0.77381       0.535201
0.797619       0.586947
0.821429       0.548507
0.845238       0.527809
0.869048       0.581034
0.892857       0.573641
0.916667       0.573641
0.940476       0.523374
0.964286       0.544072
0.988095       0.527809
1.0119       0.563292
1.03571       0.542594
1.05952       0.634258
1.08333        0.61356
1.10714        0.61356
1.13095       0.572163
1.15476       0.663827
1.17857       0.604689
1.20238       0.638693
1.22619       0.625387
1.25       0.511546
1.263        0.27795
1.27381      0.0827936
1.29762              0
1.32143              0
1.34524              0
1.36905              0
1.39286              0
1.41667              0
1.44048              0
1.46429              0
1.4881              0
