-1.4881              0
-1.46429              0
-1.44048              0
-1.41667              0
-1.39286              0
-1.36905              0
-1.34524              0
-1.32143              0
-1.29762              0
-1.27381              0
-1.263              0
-1.25              0
-1.22619              0
-1.20238      0.0691093
-1.17857       0.484752
-1.15476       0.754278
-1.13095       0.734533
-1.10714       0.776986
-1.08333       0.792782
-1.05952       0.745393
-1.03571       0.730584
-1.0119        0.72466
-0.988095       0.673322
-0.964286       0.656538
-0.940476       0.682207
-0.916667       0.634818
-0.892857       0.624945
-0.869048       0.693067
-0.845238       0.695042
-0.821429       0.624945
-0.797619       0.645678
-0.77381       0.621983
-0.75       0.602238
-0.72619       0.593352
-0.702381       0.578543
-0.678571       0.610136
-0.654762       0.631856
-0.630952       0.570645
-0.607143       0.562747
-0.583333       0.586441
-0.559524         0.6052
-0.535714       0.600263
-0.511905       0.632843
-0.488095       0.647652
-0.464286       0.585454
-0.440476       0.598289
-0.416667       0.587429
-0.392857       0.634818
-0.369048       0.592365
-0.345238       0.587429
-0.321429       0.665423
-0.297619       0.613098
-0.27381       0.634818
-0.25       0.597301
-0.22619       0.636792
-0.202381       0.641729
-0.178571        0.64864
-0.154762       0.646665
-0.130952       0.612111
-0.107143       0.672334
-0.0833333       0.623958
-0.0595238       0.582492
-0.0357143       0.654563
-0.0119048       0.628894
0.0119048       0.609149
0.0357143       0.641729
0.0595238       0.613098
0.0833333        0.69208
0.107143       0.654563
0.130952       0.580518
0.154762       0.625932
0.178571       0.563734
0.202381       0.618034
0.22619       0.551887
0.25       0.567683
0.27381        0.54695
0.297619       0.615072
0.321429        0.58348
0.345238       0.565709
0.369048       0.544976
0.392857       0.555836
0.416667       0.520294
0.440476       0.615072
0.464286       0.553861
0.488095        0.53609
0.511905       0.569658
0.535714       0.617047
0.559524       0.578543
0.583333       0.597301
0.607143        0.59434
0.630952       0.590391
0.654762       0.576569
0.678571       0.613098
0.702381       0.611123
0.72619       0.592365
0.75       0.600263
0.77381       0.590391
0.797619       0.633831
0.821429       0.612111
0.845238       0.632843
0.869048       0.641729
0.892857       0.682207
0.916667       0.642716
0.940476         0.6595
0.964286       0.674309
0.988095       0.650614
1.0119       0.653576
1.03571       0.741444
1.05952       0.720711
1.08333       0.748355
1.10714       0.775998
1.13095       0.740456
1.15476       0.752304
1.17857       0.456121
1.20238      0.0621983
1.22619              0
1.25              0
1.263              0
1.27381              0
1.29762              0
1.32143              0
1.34524              0
1.36905              0
1.39286              0
1.41667              0
1.44048              0
1.46429              0
1.4881              0
