-1.4881              0
-1.46429              0
-1.44048              0
-1.41667              0
-1.39286              0
-1.36905              0
-1.34524              0
-1.32143              0
-1.29762              0
-1.27381              0
-1.263              0
-1.25              0
-1.22619              0
-1.20238      0.0696608
-1.17857       0.422411
-1.15476       0.713652
-1.13095       0.755893
-1.10714       0.709947
-1.08333       0.688456
-1.05952       0.675858
-1.03571       0.686233
-1.0119       0.686233
-0.988095       0.672893
-0.964286       0.620277
-0.940476       0.607679
-0.916667       0.618795
-0.892857       0.597304
-0.869048       0.637322
-0.845238       0.621759
-0.821429       0.620277
-0.797619       0.647697
-0.77381       0.623241
-0.75       0.619536
-0.72619        0.64992
-0.702381       0.592857
-0.678571       0.626206
-0.654762       0.583965
-0.630952       0.597304
-0.607143       0.637322
-0.583333       0.661036
-0.559524       0.647697
-0.535714       0.605456
-0.511905       0.631393
-0.488095       0.591375
-0.464286       0.603232
-0.440476       0.578036
-0.416667       0.613607
-0.392857       0.592116
-0.369048       0.589893
-0.345238       0.603232
-0.321429       0.583965
-0.297619       0.586188
-0.27381       0.609902
-0.25       0.625465
-0.22619       0.626206
-0.202381       0.646215
-0.178571       0.610643
-0.154762       0.619536
-0.130952        0.60842
-0.107143       0.640286
-0.0833333       0.597304
-0.0595238        0.63584
-0.0357143       0.563956
-0.0119048       0.595081
0.0119048       0.612866
0.0357143        0.65659
0.0595238       0.612125
0.0833333       0.606938
0.107143       0.625465
0.130952        0.61509
0.154762       0.650661
0.178571        0.59434
0.202381       0.626947
0.22619       0.651402
0.25       0.603974
0.27381        0.60842
0.297619       0.583224
0.321429       0.576554
0.345238       0.601009
0.369048        0.56025
0.392857       0.609161
0.416667       0.606938
0.440476       0.576554
0.464286       0.601009
0.488095       0.566179
0.511905       0.577295
0.535714       0.575813
0.559524       0.569143
0.583333       0.580259
0.607143       0.603974
0.630952       0.575813
0.654762       0.635099
0.678571       0.626206
0.702381       0.616572
0.72619       0.597304
0.75       0.650661
0.77381       0.642509
0.797619       0.626947
0.821429       0.633616
0.845238          0.664
0.869048       0.669929
0.892857        0.71884
0.916667       0.685491
0.940476       0.695866
0.964286       0.710688
0.988095        0.69809
1.0119       0.714393
1.03571       0.732179
1.05952       0.723286
1.08333       0.709206
1.10714       0.730697
1.13095       0.738849
1.15476       0.773679
1.17857       0.479473
1.20238      0.0496518
1.22619              0
1.25              0
1.263              0
1.27381              0
1.29762              0
1.32143              0
1.34524              0
1.36905              0
1.39286              0
1.41667              0
1.44048              0
1.46429              0
1.4881              0
