-1.4881              0
-1.46429              0
-1.44048              0
-1.41667              0
-1.39286              0
-1.36905              0
-1.34524              0
-1.32143              0
-1.29762              0
-1.27381              0
-1.263              0
-1.25              0
-1.22619              0
-1.20238      0.0647301
-1.17857       0.411919
-1.15476       0.744396
-1.13095       0.800299
-1.10714       0.735569
-1.08333       0.700262
-1.05952       0.726742
-1.03571       0.735569
-1.0119       0.732627
-0.988095       0.714973
-0.964286       0.653185
-0.940476       0.703204
-0.916667       0.709088
-0.892857       0.694377
-0.869048       0.714973
-0.845238       0.629647
-0.821429       0.573744
-0.797619       0.635531
-0.77381       0.582571
-0.75       0.703204
-0.72619       0.679666
-0.702381       0.588455
-0.678571       0.632589
-0.654762       0.614936
-0.630952       0.541379
-0.607143       0.641416
-0.583333       0.635531
-0.559524       0.635531
-0.535714       0.609051
-0.511905        0.62082
-0.488095       0.597282
-0.464286       0.617878
-0.440476       0.626705
-0.416667       0.779703
-0.392857       0.670839
-0.369048       0.656127
-0.345238       0.611993
-0.321429       0.623762
-0.297619       0.597282
-0.27381       0.629647
-0.25       0.576686
-0.22619       0.656127
-0.202381       0.650243
-0.178571       0.664954
-0.154762       0.650243
-0.130952       0.682608
-0.107143       0.759107
-0.0833333       0.720857
-0.0595238       0.744396
-0.0357143       0.662012
-0.0119048       0.623762
0.0119048       0.567859
0.0357143       0.623762
0.0595238       0.535494
0.0833333       0.582571
0.107143       0.591397
0.130952       0.614936
0.154762       0.614936
0.178571       0.567859
0.202381        0.59434
0.22619       0.629647
0.25       0.591397
0.27381       0.629647
0.297619       0.597282
0.321429       0.603166
0.345238       0.567859
0.369048       0.559032
0.392857       0.561975
0.416667       0.588455
0.440476        0.62082
0.464286       0.576686
0.488095       0.550205
0.511905       0.544321
0.535714       0.526667
0.559524       0.538436
0.583333       0.514898
0.607143       0.538436
0.630952       0.538436
0.654762       0.579628
0.678571       0.506071
0.702381       0.547263
0.72619       0.585513
0.75        0.65907
0.77381       0.629647
0.797619       0.570801
0.821429       0.579628
0.845238       0.632589
0.869048       0.564917
0.892857       0.667897
0.916667       0.559032
0.940476        0.62082
0.964286       0.641416
0.988095       0.626705
1.0119       0.682608
1.03571       0.667897
1.05952       0.767934
1.08333       0.626705
1.10714       0.664954
1.13095       0.817953
1.15476       0.753222
1.17857        0.46488
1.20238      0.0441341
1.22619              0
1.25              0
1.263              0
1.27381              0
1.29762              0
1.32143              0
1.34524              0
1.36905              0
1.39286              0
1.41667              0
1.44048              0
1.46429              0
1.4881              0
