16.1035       -3.62337        1.22109
5.32501        12.9606       -2.24468
-5.84074        6.72899        2.60355
-11.0008        2.79565        1.69815
-8.09525       -10.9346       -2.12183
0.771894        10.1818      -0.383866
4.75735        5.19397        2.10811
-4.56341        9.93502        2.40884
-3.80541          6.771        2.07293
15.381       -8.46433       0.959545
-11.7153       -11.5731       -1.41257
-8.30554       -9.11394       -2.55783
-12.6103       -4.71123    0.000346139
7.49154       -11.8958       -2.17877
8.57879       -12.3663       0.381087
-15.5931       -13.3585       0.795596
15.6818       0.639125        1.84156
-1.18327        15.3897       0.876694
6.41052        8.87516      -0.250671
-6.72644       -9.36037      -0.395058
-6.13498       -6.85723       0.625186
7.1473        6.06622        2.27689
0.835356       -3.33604       -1.03016
12.1719        10.0662        2.62284
-1.3173       -10.2341        2.44097
-10.7413       -7.24476       -1.01713
-9.94566        5.52881       0.565241
2.15139        4.65516        2.00436
3.49178       -11.4932       -1.43791
5.67869        15.7905       -1.76961
15.266        6.35962       -1.07236
-9.63116       -14.1567        1.58471
4.54516        1.40619      -0.213456
4.50114        1.07589        1.67696
0.384155        0.41811       0.352067
-13.828        7.56973       -1.06265
-5.38625       -6.72468       -2.42991
3.36515        12.3151       0.735911
10.6804       -4.78473      -0.283982
-5.18827        1.18754        1.53129
5.74439        7.08071       -2.13021
-5.7676       -12.1944        1.82919
13.3383        14.0924       -1.16531
-4.89925       -3.18117       0.626879
13.3501        7.72834        1.60873
13.9491       -15.4359       -1.02926
4.37041       0.570983       -2.48178
-9.31326       -2.48075       -2.49254
-1.42255       -7.00614       -2.28246
8.86993       -6.25325       0.787137
-10.3237       -4.61672       -2.43054
11.7915       -9.79674       0.695233
-6.98904        15.0521       -1.80343
-3.83983       -11.3534     -0.0122872
6.02753        5.88596       0.537172
3.80017       -3.21209      -0.582247
-10.7498        9.81309        2.18376
11.1246        11.7465       -2.51833
5.99077       -15.4124        1.84222
6.41881        4.38537       0.614002
16.0468       -2.95001        2.57134
-10.9732         5.5276        1.52294
-13.9481        14.8799       -1.97246
-2.13143       -10.2884      -0.226465
7.81046       -2.60989      -0.834868
8.98398       -8.79469       -1.53572
11.422        14.3539        1.22002
-15.7541        2.17808    -0.00122803
4.9375      -0.464551        1.58007
0.300608        10.6264        2.02542
10.1393         -1.418       -1.18497
0.956925        11.4669      -0.134763
13.976        11.0353       -2.15606
1.03523        13.5911       -1.10467
13.628        6.42112       -2.26847
4.70347       -12.6788       -2.14854
2.80784        12.9215       -1.86315
12.6823        12.9964       -1.20015
4.82994        13.9165      -0.425383
4.10341        14.8903       -2.12263
13.2287        5.26546      -0.956674
-7.55888        6.58016      -0.485925
15.1834       -1.20738       -1.34485
-8.71656       -1.65375       -1.51959
-3.82919     -0.0211329       -1.86875
-10.2323       -2.60968       0.871355
9.42425       -10.6979       0.709838
-0.650664        6.33578        1.99102
-10.5828        11.1017        1.12626
-8.52811        13.4018       -1.49078
11.6897        2.82801        1.11562
-16.1369        12.1109      -0.504656
12.8604        -5.8633        2.09742
9.3426        10.6021       -1.51419
-13.8692       -4.84439        1.98696
12.8522        4.71092       0.712056
-15.284        13.1358       -2.50333
11.469         11.378       0.186179
-8.39565        9.64853       0.970819
-14.6378        9.81389       -2.66732
6.57757       -5.11603        2.24642
-2.71329        -14.304       0.941825
9.56761       -13.0187       -1.47718
-2.47626        14.2167       -2.28935
-0.74406        4.07645       -2.14126
6.86331        11.2804      -0.501351
6.4645        9.27994       0.814156
9.01024        5.80933       -2.44398
-7.58723        -0.7052       -2.58309
9.92411       -2.65346       -1.94259
-10.0273       -9.88896        1.80737
-12.3218       -9.07779        1.59355
-12.9518       -2.63475        2.15224
-0.824243       -1.24806       -1.05504
13.223       -9.24915        1.10465
9.27694       -15.6706      -0.826334
1.18922       -15.6749       -1.64253
5.58972       -5.71544        1.80133
2.23552        14.6614        0.83434
15.4392       -14.3742       -1.62421
1.73427       -2.75435        1.45173
9.35212        2.73357       -2.33739
7.65662       -14.0547      0.0331961
3.0207       -4.60007      -0.200786
10.4333        14.1066       -2.30762
-14.9274       -8.90255      -0.759682
6.07991       -2.70051      -0.113484
5.21169       -2.66401        1.89363
-10.1811       -6.59801        2.43805
4.73496       -11.4217       0.266076
-13.7139        14.7729        1.80686
15.8469        9.12897        2.25541
9.84609       0.881936       -1.25433
-15.4546       -12.6463        2.55292
15.1336       -4.46494        1.46502
-6.98075       -14.2336       -2.06357
11.2542       -3.15566      -0.377558
-3.04464        14.7708        1.29799
-4.98632        6.12555       -2.25089
15.8434        14.4424        2.62327
1.62428       -12.9548       0.711715
4.53531       -9.49174      0.0824123
-5.9772        3.35538         1.0573
-7.57789       -1.43317        2.51454
3.2206        12.0449        2.05006
-12.3401       -1.16305        1.93014
-4.88879        12.3822      -0.911832
8.34239       -10.0127       -2.05413
1.95862         1.5195       -1.31892
-12.2594        9.87865        2.42699
9.30256       -13.9272      -0.719588
-12.6469       -15.5322       -2.15289
10.5246        9.06851        1.34431
6.93327        2.16343        2.15218
2.16409       -13.8075       -1.20583
12.7206       -8.20314        2.35813
11.5762        12.3045        2.30098
-0.944561         8.8845       -1.61104
-1.12872        -9.1114       -1.04841
-5.55789         1.2872       -2.49521
-12.0187       0.130771        1.81288
-1.71855         9.8469      -0.111378
-13.7267         13.902       0.561253
-4.83167        11.3558      -0.361153
13.5849        3.33688        1.14001
-10.7636         14.048       -1.23203
-3.79643       -2.91097       -2.34831
4.46757       -10.1591        2.28816
-10.1078        12.2124        1.88012
2.15346       -8.63602       0.430871
13.6546        -3.1591        1.63016
14.5945       -6.13529        1.83291
0.883356       0.198383        1.81389
-2.41444        16.1141      -0.562751
7.33061        -7.8064        2.37852
8.05725       -6.02746       -1.05096
-15.4845         1.9786       -1.14253
16.0387        15.5041       -1.20604
5.76769       -10.3646       0.714863
9.40457       -7.85646       -2.53452
7.97101        7.08512       -2.12749
13.925        14.4935        2.02865
-7.83125       -12.9371       -2.27166
2.39054        8.65596         2.5605
-2.0813        1.69734        1.44561
-7.56254        5.93645        1.24285
-10.9356       -8.33093        2.62424
-4.02692       -15.0441      -0.683784
-14.3334       -6.87344       0.242068
-2.47725       -6.03798      -0.265854
-5.31118        8.12676        1.23121
-8.54201        4.57658      -0.547362
3.08354       -6.92446        1.90629
-4.51146       -4.47639          1.926
-13.5487       -6.25418       -2.49054
-15.6355       -13.3911       -1.51937
0.856679       -6.17451       -1.24396
-7.46917        11.2265       -1.90749
-13.0634        10.0384        1.70764
6.9125         13.733        2.02809
-8.60031        13.7002        2.47752
13.0044        7.06907        2.57713
-15.4771       -6.56252        -1.6061
-8.25675        7.29946        1.15635
-15.9732       -14.3864      -0.567812
9.5196        5.49323      -0.561822
14.9572        3.26604       -2.02988
4.23861       -5.98446       0.573365
6.12175       -6.46307       -1.73893
-13.2126       -8.22351      -0.927228
-4.62036       -6.97978       0.481216
-14.7643         3.4173      -0.835239
-4.31117        14.2155        1.06296
14.9686        10.2583        2.18717
12.2417       -3.62848      -0.154895
-11.4693        6.11503       -1.78727
-8.83444        16.0884       -1.07804
-12.6399         6.3883       0.825171
14.3689        14.9046        1.13444
-13.2805       -6.98056      -0.528626
-14.7255       -13.9399       -2.35887
-6.20504        9.06527       -2.11579
-4.62315        8.60625       -2.33458
2.41412        8.09009       -1.92437
14.6548       -9.18532       -1.50699
-4.75233         5.2931      -0.993904
8.02982        14.9122       0.160109
-2.1281       -15.4521        2.60246
13.7314       -11.0472      -0.961265
-10.5832        13.7826        2.06242
2.43       -9.30857       -1.16285
-11.4891       -15.4415        2.30976
7.72301        11.2365        2.45147
-0.751104       -4.55097       -1.52647
-0.656863        12.6088      -0.993696
13.717        1.36819         2.4281
-15.0144        5.15297       0.974633
-5.68215       -14.1994        2.51028
-2.34858        7.91992      -0.612586
3.86732        13.3694        2.67318
11.2001        9.31805      -0.680906
5.90084       -7.20271        2.40033
1.97892        1.20426       0.159708
-15.8392       -15.1362       -2.33604
-5.22852       -12.0326       -1.07537
-14.5896       -15.3517       0.992496
-7.20748        9.31751       0.790009
3.60339        13.1019      -0.503935
-3.314        5.85297        1.10523
4.74192       -9.22313        1.28795
13.8862       -12.5597       -2.52041
4.71555        8.08716      -0.688721
-9.21585       -7.41018       -1.22852
-7.81739       0.157032      -0.306317
13.1164        3.40563      -0.526421
-14.2374       -16.0559       -2.06439
-9.57514        11.7655       0.731192
-11.3074        8.68517        1.96823
-15.1001        -8.5584       -2.35631
-10.8521       -5.97251        1.72325
-13.1046       -1.52883       0.617098
-14.768       0.656715      -0.729271
7.24837       -11.8046       0.499405
4.86772        5.06476       0.826063
-13.9749       -3.46915         2.1122
7.67        10.2402      -0.263469
3.98247       -15.7921      -0.207938
-3.75047       -9.98143       0.192825
-13.5139        8.17096       -2.34401
12.5594        11.1679       -1.65493
2.647       -10.2421       -2.04034
2.42106        5.17771       0.426425
-8.81697        9.36603      -0.136037
14.4505        4.20979        2.17623
-5.30716       -3.38308        1.92177
-13.1657        14.2251      -0.416197
3.52978        10.6371        1.08069
-4.72822        10.0958       -1.94747
0.358048        11.4658       -1.64206
7.13628       -3.82971      -0.913822
0.574038       -10.5031      -0.365583
-8.25652        12.5647        1.59741
15.931        9.84119        -2.4266
-9.41672        -15.698       -2.00915
10.5354         6.1344       -1.16406
-9.01829        11.3144      -0.634781
-11.1834      -0.877366        2.28951
8.99324      0.0424145      -0.503646
14.7687       -0.68882        1.84275
-11.9856       -7.49894      0.0260605
-3.55971         16.043        1.42996
-10.3364       -7.70151        1.81597
-9.35006        6.31336        1.79095
5.53662       -1.27764       -1.63683
0.871372       -3.75359       -2.36387
-6.19977        6.39726        1.48253
-14.663        13.5871        1.17984
-0.303012       -8.81225      -0.232352
-14.7044       -12.2395       -2.47583
3.03525       -10.2041        1.81498
4.27279        5.23332       -1.60962
4.6383        10.3993       -1.74577
8.65719        12.2666       -1.52366
6.73241        15.4451       -1.99567
8.04573         5.3522       -1.60732
-14.0197       -10.4434      -0.771797
10.2877       -5.73252       0.729687
-9.52166        13.1334        1.32866
-8.23405        14.7883       -1.99066
7.29574        6.63996      -0.532319
1.14256        7.67689        1.81505
7.25643       -10.4458       -2.21608
-11.1919       -13.7721        2.22449
-4.81147        8.20875      -0.397878
-3.94788       -6.91108      -0.557315
0.0554381        13.4903         2.1824
12.5615       -9.44743       -1.01299
-1.85455        9.70464        1.88732
10.7145        5.98788        2.27578
11.3373       -13.9435        -2.4091
-1.69259        14.1932       0.647121
-11.1223        3.57561      -0.303859
-11.224       -14.9667     -0.0262253
-13.9152        15.7056      -0.838668
8.47662       -12.7062       -1.06876
-7.28189        2.79755       -2.47896
8.49915       -15.3828       -2.03405
12.6027       -4.99118       0.149499
13.5709        2.00788       -0.45332
5.2989        6.88099       0.368004
-14.9203        5.42251       -1.87928
-0.719082        15.1362        2.01163
13.2203      -0.992187        1.54373
12.6212       -6.62934       -1.72199
-4.1138       -4.17908       -2.35444
1.58623        15.3542       -1.64165
1.97809       0.917094        2.36444
-4.0548        10.2196       0.702888
12.824        2.20835       0.752777
9.83038       -7.22617      0.0368958
11.6269       -4.98035        2.23092
3.26157        13.3421        1.37991
-5.05898        15.6373         1.8392
0.321687       -6.49296        1.96072
-10.2317        10.5408       -2.03252
5.28753        -12.338       0.982592
-4.72392       -10.9394         0.7726
5.64365       -11.5833      -0.724842
-7.72907       -2.97775        -1.9773
9.25376        4.00677       -2.17647
5.75246       -3.89292        2.38414
0.0938916        5.73461      -0.358552
8.29365        13.2792      -0.465873
-12.1545        12.8975        2.45554
1.10048        3.00922       -2.05093
-10.1463       -2.92177      -0.457898
-13.8507        2.48579       -1.66237
-6.91629        5.36475       -1.53259
13.0829       -7.92466       -1.31906
8.69017        8.20182       0.524689
-12.8624       -12.2051      -0.408671
-7.74044       -9.87036      0.0504692
-9.25683        2.14866        2.15581
2.06339        8.35002       0.329928
-0.822283         14.214       -2.31575
3.96704        14.7454       0.650707
8.66392        -9.1132        1.09385
4.42419       -7.47297       0.993854
-5.55878       -15.4223        -1.6783
12.128      -0.869634      -0.574549
-7.32196       -4.77127        1.27201
0.631247       -4.50212        1.07388
-9.87051        8.47988       0.180357
-6.01199       -7.37293      -0.653392
10.6331        -10.736      0.0750373
-11.488         13.227       0.138836
-2.6686        5.50153      -0.173608
2.00593        12.3564       -0.42087
7.67149        12.3548        1.86522
14.5806       -5.19174       0.831004
15.345        11.8032       -2.41951
1.66619       -7.85825        1.99767
-4.75722      -0.766211        1.41294
-1.82999        5.56469        2.06978
13.5091       -4.52128        2.05058
4.22833        11.5125      -0.521078
2.22858       -2.64671       -1.16319
11.0808       -15.3615      -0.526247
6.39657        2.79287      0.0153787
-0.519742        2.58214        1.45208
-15.0638       -7.73416       0.765635
-5.89737        6.34318       -1.00448
5.29634       -14.5986      -0.865932
-0.36022       -2.58422       -1.41615
5.2992       -2.93563       -1.56747
13.1468        14.0157       0.955067
-13.8017       -11.9671        1.07118
15.0618       -4.27705       -2.18182
6.70501     -0.0379397        1.88318
-1.35388       -6.30806       0.791166
-15.953       0.933278       0.108396
11.4359        1.95455        -1.8068
-5.84953       -4.05408       -1.17916
-11.7393        6.00513      -0.012758
12.669        9.10387        1.07695
-6.96959        14.2848       -1.04747
7.42695         2.7066        1.02651
0.94217       -12.2732       -2.30381
-3.27927       -9.17107       -1.56622
11.5811       -2.18904        1.59519
-6.94095       -13.3776        0.66751
6.28981       -5.75714      -0.348125
-7.94026        6.99277       -2.32332
-11.1362       -11.0492        1.78479
13.8303        10.7644      -0.877055
10.3054         16.069      0.0549242
12.5674        5.46028        1.69736
7.91663        14.3084        1.63306
4.39236      0.0118355     -0.0321844
-16.0387       -9.74916       -1.23466
-14.1828       -5.57169       0.996532
-13.4788         13.789        2.47574
-1.19695       -15.1732        -1.7463
-10.0868       -12.8867        2.40695
13.7285        15.6871        2.35506
12.704        3.66272        2.26336
-15.6959       -1.42358        1.18054
-12.8827        3.54684       0.353854
-12.549       -4.84801        1.44306
7.91567       -13.0738        1.71158
-3.62467        -13.354    0.000343155
15.7503        14.3989        1.20688
-1.99587        3.76224       -1.76319
11.7593        14.4917        -1.8005
-14.567        6.30356        1.54897
-11.522       -10.2513       -0.67882
-9.58176       -15.9037         2.1886
15.9125        14.4109       -1.56615
-7.88207        8.25829        1.90904
6.85643         13.118        -2.2726
5.95936        14.7752       0.937409
6.09455        -11.775       -2.27791
-6.28681        1.96338        1.84336
-13.1864       -5.87202        2.49748
8.98123       -6.79089        2.32558
-13.0175        4.83197        1.51466
-6.82285       -10.9182       0.448539
-1.12598       0.933487       -1.77863
3.11485       -5.59259       -1.44103
-3.24045        12.5625       0.511898
3.54746       -13.1769       -1.41456
-2.9826        15.8123        -1.6634
