11.2112        1.17187      -0.128954
12.2044        11.4342        2.14239
-3.73409        4.45373       -1.25088
-11.8192       -1.82867         1.5992
-0.428119       -11.1698       -1.70346
-1.86654       -11.7934        1.26003
-3.34445        4.30154         1.6155
8.99659        -8.9402        1.85987
1.77529        7.62051      -0.880141
7.89675       -13.2557       -2.63693
-16.1484        15.5435        1.85696
-15.9445       -8.18887        2.49535
-11.1742       -15.7094       -1.73563
-8.62881        14.7419      -0.779127
-2.84614       -15.2144        0.12444
6.90588       -13.9834        1.03359
2.86953       -10.4298      -0.512863
-7.4727        15.9956        1.24544
8.54337         10.052         1.9567
-9.41538        10.5131      0.0848875
-10.4853       -5.72261        1.66692
-1.20798      -0.959536        2.50717
-11.3283       -4.33673        2.64354
6.99485        9.34281        2.36758
-1.51781        3.90074       -1.33965
-8.38002        1.26987       0.387611
-9.98267       -9.09409        1.41101
3.90617       -2.37821        1.07563
-3.52059        -14.729       -1.67593
12.9056        11.1692       -0.81738
-12.422        15.8056       0.984784
3.98695       -10.4627        2.51636
-4.48458        9.10756       -2.14504
9.92178       -2.38752        1.54302
15.6069       -5.59055        1.47164
-9.43732        3.82515       -2.31091
-6.58221        11.2495       -2.38875
6.62952        12.1013       0.833209
-15.2462       -3.21216       -1.11233
-4.12568       -9.42828       -0.75242
14.515        4.08912       -2.10051
-9.56225       -12.3421    -0.00229877
14.2431         8.3365         1.7045
-0.820798       -6.56924       -2.58599
15.7651       -15.2668      -0.518235
-12.5336        6.95643       0.508541
7.66427       -10.9109      -0.346001
1.62587       -6.49758       0.769588
-3.41617      -0.799911      -0.769957
-13.4558       -2.09982      -0.269187
5.1662       -5.65727       0.152764
-2.54414       -7.55467       -1.63669
-5.03557        15.8866       -1.00949
15.9408       -8.81287       -1.21505
-8.9025        6.12272        1.30919
7.07278       -0.73998       -2.58484
-9.89804        4.60274        1.59271
10.8086        11.4822        -0.3189
14.6803        12.3829      -0.963739
6.20989       0.459652        0.69041
11.881        2.50839       -2.11255
11.1346        5.04234      -0.313586
-15.2394       0.902198       0.612083
11.7024       -8.11687      -0.129988
-14.5705       -7.39431        2.43408
8.35391       -8.69407       -1.42506
11.4304       -10.3905       -1.44045
-14.775        2.36495       0.859487
-9.45151       -5.30846       0.750592
-0.160202         8.3244        2.38952
6.22488      -0.878251      -0.493063
5.08626       -11.7843       -1.01404
-14.841        13.5882        1.30604
-7.87524       -12.4704         2.4922
12.9144       -2.86091        1.64687
3.8956        14.6313        2.09888
1.38419        3.86706        2.17236
16.0851       -14.8794        2.00788
12.8758        2.34118     -0.0691767
12.0155       -10.7391       0.625422
11.4358        5.58757       -1.98132
-6.93434        11.2535        2.47671
13.5603        10.5796        1.66539
14.9388        8.04631       -1.84549
-15.3575        15.0923       -1.83019
-8.13242       -1.38591        2.38831
-13.0292       -12.3366        1.74373
-9.09058        3.65243        2.26076
14.9443        15.6975      -0.941155
13.7544        8.28778       0.410581
11.1278        3.87019       0.761836
-10.2508        -12.018       -1.27929
-11.0018       -2.05408       -1.63404
4.35506        6.15657      -0.803999
15.9572         -11.27        -1.0796
3.68781        2.64061         2.5341
11.1645        13.6467        2.63307
6.68434       -14.7584        2.64999
-6.10198        5.69022       -1.86202
-13.0593        12.1038       0.938165
2.7164       -9.08884       0.578844
2.62493       -15.8129      0.0267659
6.34892       -6.45171      -0.875591
-11.7309        10.3072       0.345208
3.07259        1.32816       0.702889
-13.9192       -2.35389        1.74654
11.7446       -4.71393     -0.0627861
-12.4369       -5.43204       0.775418
-4.48167       -1.51445      -0.922181
6.67574        6.41669        1.78412
-6.41563       -1.73265       -1.30491
-10.9327       -14.3162      -0.857811
-10.5627     0.00975939      0.0330104
-0.372877        3.59013        -1.7212
13.0638        16.0957        1.22646
3.68317         15.333       -1.52637
11.1224        8.73231       -1.32548
1.37276        2.66655       -1.07144
12.2492        15.5059      -0.338327
-15.6049       -12.1745        2.58156
-12.8728        1.83909       -1.49971
-11.3479        3.42314       -1.54563
9.74902       -14.4257       -2.00338
7.25978        -4.5335        1.56432
5.32124        15.6192       -1.96665
7.48359       -6.00771       -1.55633
8.30384        -3.9286    -0.00181736
3.78486          12.28         1.2495
-0.823948        2.90308       0.240091
-5.18218       -9.07603        1.83083
7.95781       -8.87902        2.22335
-9.77326        8.82831        1.23467
9.11969        2.12864        1.55331
-6.32203       -5.76447       -1.18028
-1.34526       -1.83501        1.51999
-11.9388       -13.4869        1.46585
9.97927       -12.4995      -0.728825
1.49845        -12.228       -2.68333
-10.4229        2.13341     -0.0920609
-14.6769       -11.3524       -1.41851
-1.38368        5.79456       -1.37506
4.59844       -9.30673         1.8381
-5.22239        2.65892       -1.30678
0.160309       -10.1378        1.62964
-9.03208        10.2747       -2.10058
-5.93965        1.94371       0.185877
-7.21495       -14.4818       -1.48229
-1.65059       -3.22133       -1.40205
4.79776       -2.68031        1.44085
15.2696        13.2806       0.644951
-10.2937       -15.5178      -0.877867
3.15381       -14.6506       0.532586
4.96312        8.11519       0.775793
3.94081      -0.620218       -2.32273
-6.71772       -14.0529       -2.57242
8.74852        -7.6839       -2.54129
12.3159        2.12485         1.6968
0.758447       -5.90258        1.21953
-1.56513       -3.00749         1.6251
-13.1443         15.163       0.233819
-13.242       -4.92314      -0.695463
-5.34954        13.1264        1.33616
-12.2886       -15.2711        1.38476
-0.828418        12.2619       -1.42349
6.23518       -7.91944       -0.95762
-3.02049          4.228      -0.111498
-5.12231        2.46026        2.61843
8.48897       -12.7596        1.27142
-2.97053       -11.9899       -1.15562
12.7088       -4.89087       0.966157
4.27278        4.90765      -0.715397
6.48653         4.4229       -1.35499
3.51314       0.105393      -0.124268
4.45597        9.86627      -0.897635
-13.7858       -3.35213        1.01869
15.2839       -8.94153       0.696768
-12.774        7.76236       -1.79778
4.85438       -16.0159      -0.157226
-5.70326        -14.777        1.07771
5.06013        9.44349       -2.58192
13.0616       -5.14298       -1.11484
-15.7504        5.22123        1.16419
-10.3409       -7.38558       0.202157
1.64054        4.38556       0.129292
-7.42091        9.81688       0.456207
-8.04444      -0.860832       -1.19474
-7.49204       -9.01053        1.90617
-3.33081       -14.0528        1.37421
9.81341        12.6438        0.71255
3.20565       -9.09795      -0.978446
0.283212       -14.9418      -0.555444
-3.13854        -3.3329      -0.155429
9.13909       -5.70988       0.852605
-4.26626         -12.59        2.04131
-4.61893       -8.56988      -0.964945
15.6906       -6.28011       -2.46679
-2.0087        8.03932        1.34828
1.00386        -14.451       -2.21549
-6.4417      -0.253185        1.17739
13.7232        4.27784       0.293829
-14.2383        3.65924       -1.11032
13.0578        10.5946       -2.22827
-3.50049       -9.82602        1.65394
-6.18733       -5.37478       0.303434
13.0465       -15.7637      -0.249129
8.04101       -2.71691        1.69608
11.7752       -2.72256       0.198146
15.1317       0.542514      -0.976433
-6.2217       -11.2745       -1.68504
-11.2571       -3.29156       -1.94837
15.9079       -11.0496       -2.59474
-5.71916        9.64764      -0.775402
11.4741       -8.99184        1.63621
-13.9275       -13.6673       -1.17215
-4.97831       -5.57895      -0.782832
-11.8874       -1.20936       -2.31856
-12.7013        16.0022       -2.25299
-7.25968        15.2581      -0.147071
5.64489       -13.0993      -0.233842
-12.6561       -5.08475       -1.62564
-7.23963       -10.0427       -1.84902
-8.14165        9.17883         1.2336
4.78117        5.26566       0.691057
-6.84151        1.34361        1.19587
-5.93453        7.19557      -0.820653
15.509         14.851       0.224207
6.77892        14.4845        2.34191
-5.01083         10.134        -1.8179
-0.337551        4.65485       0.396333
0.167247        6.02408      -0.676135
0.791295       -15.6524       0.446446
-11.5346        15.4189        1.80404
12.7033      -0.341191      0.0701261
-7.8236       -6.66079         1.8641
-8.72787       -15.9928       -2.18258
6.29034        13.9005       -1.67308
13.7432        4.20105       -1.13143
-4.45392       -6.63919        2.19254
7.33987       0.684664      -0.488859
7.8107       -15.1968      -0.544888
14.555       -15.2048        2.05894
4.70513       -14.4395       0.297718
-7.07961       -3.36546       -1.60849
13.8524       -9.89198       -1.69046
-5.57795        -15.255      -0.786127
9.28359        9.98327       0.621249
-6.23273       -1.39086       0.507146
1.02207       -13.3511      -0.768071
2.6502        2.08284       -1.81652
9.80097       -4.84466         2.3986
7.95902         12.571       -1.95437
2.55576       -2.80076        2.43301
-11.1113       -6.46063        2.13492
-8.62661        3.00523       -1.33575
15.2862        13.1478        1.97206
13.3927        10.0099      -0.190523
-8.66313       -16.1318      -0.631352
2.56834         3.5637       0.853832
-11.3608       -12.1018      -0.259596
6.72604        6.22053       0.242414
-8.56501      -0.517206        1.01578
-15.335       -12.4171       -2.19228
5.08055       -6.92455       0.988404
-7.6123       -6.51749       -1.26979
-14.4308       -10.5073       0.492162
6.39723        10.4063       -2.47156
7.72858       -5.93347      -0.167633
-10.062       -9.55495        -1.4822
13.9067         12.155       -2.25798
-1.13591       -6.76218       0.564677
-4.35388       0.960483        2.43932
-5.41263       -14.0737       -2.31311
10.178        13.3533       -2.37892
1.95137       -10.8459       -1.11277
-14.4793        2.21845       -0.45093
0.647725        8.32286      -0.253621
-4.26128        4.38281       0.622876
-11.3153        6.54424        1.71358
15.0214       -13.7236       0.312055
9.64132       -12.1762        1.39447
-8.58734         9.8765      -0.807124
11.3957       -15.4985       0.582046
-5.96872       -13.0647       -1.49812
6.41396        10.8172      0.0559982
1.05285        14.5496       0.881863
0.975843       -8.83308        1.67982
12.0879        4.27596        1.42903
15.6761        5.27545      -0.508905
12.9162       -8.68494       -1.61287
-15.2207       -12.9712        1.79649
-10.8629       -2.37578        2.00255
13.5495        12.6946       0.266531
2.97264       -0.44608       -1.52386
5.39922       -4.10237       -2.35976
-6.96686       0.397164       -1.08749
-15.6981        -14.772       -1.29876
2.75791        14.3174        1.43883
11.5167        -1.8071        2.20595
6.19009       -12.7988       -1.61332
-0.830719        1.38344        0.54489
10.7118       -6.94114        1.15858
-14.3445        10.8123         2.1905
13.7173       -4.06755       -1.03191
8.65112       0.637073        1.64684
7.96173       -5.79789        1.76913
-3.82245       -7.42859       -1.78769
14.5229       -16.1501       -2.34926
-15.3514        10.3951       0.204785
11.5019        9.88115        -1.4231
-2.94664        9.41383     -0.0204036
5.10831       -11.1809       0.102018
-12.5093       -14.1523       0.715279
-0.203061        11.1534      -0.933845
-4.00646        1.63641        1.04524
13.087       -11.4733        2.36606
13.3039        1.03519       0.400841
-4.69576        14.8198     -0.0832888
-3.3974        14.3908       0.837653
3.46619       -12.4806       -2.00089
-1.7391       -9.86287       0.277436
-13.9638       -3.23998      -0.532028
-6.52689           -8.1        2.15002
-13.5428       -5.50868        1.30902
-8.07917        5.33397        1.89433
7.05441       -7.23821       -2.43495
-10.6644        1.24994        0.83265
-16.0337        4.60931       -1.98156
4.93363        4.61504        2.29837
-2.11234       -1.26792      -0.794107
-4.74415       -15.5648       -1.76903
-4.97702        7.72545          1.732
-11.2261       -6.26495       -2.35781
-4.50263        3.43998        1.78908
4.86804      -0.118727       0.404141
-1.49635         4.7795        1.37978
-8.52621       -13.7567       -1.75347
0.249377        3.05938      -0.594462
-4.05566       -13.0545       0.872052
10.6264       -14.0419       0.552183
9.09379        11.7238        1.82675
0.0842139       -1.62253        0.32102
-7.9835         13.994       -2.17144
-0.217693       -13.1961       -2.22653
-0.450454       -9.18931       0.724923
8.17655       -10.3844        1.31231
-11.8136        -3.6022        1.72371
13.812       0.510289        2.36359
4.32603       -2.75008       -1.67067
-4.72012        4.94645       -1.72852
-14.6183        15.4069          2.096
-8.24548          11.17       -1.68011
-2.77832        5.00716       -2.44878
-12.2732        1.22787       0.577335
-11.0804        10.7352       -2.31209
12.9485       -1.47889        2.27281
-9.56703       -6.98235        1.93883
2.91078       -7.49029       0.785791
5.30307        9.25822       0.259049
-11.5138       -6.56691       0.184516
7.53056         13.935       0.181017
3.0455        8.96393      -0.264036
10.1463        14.2185        2.08028
-2.6582       -15.1682         1.4406
5.11178       -7.05651        -1.3859
11.2073       -8.88229        -1.2935
3.14652        10.5249      -0.262179
9.11274       -2.22807        2.37987
-9.56559       -2.32793       -1.43029
-0.289905       -4.08604       0.855143
-13.332        5.22198       -1.86471
-5.86374       -13.4984        1.01383
-13.3648      -0.268131        2.09397
14.0781        14.3884       -2.02286
-10.3395        3.14743       0.912478
-1.79634      -0.102766        1.49656
11.9589        15.2289         2.1548
-14.6995       -3.63637        1.95689
10.2842        9.82109         1.6945
5.92156       -2.43269         1.7641
8.85717       -6.96867       0.469303
-13.7115      -0.691645      -0.174571
9.75034        2.07554       -1.52125
5.99186       -5.30556        1.12814
10.5689        2.12602         1.0207
-15.3655       -6.71499        1.55515
-10.5555         13.828       -1.98112
1.15582       -6.88631      -0.526544
-2.97996        8.75751       -1.53972
11.1586       -1.02775       -1.93026
-10.7787      -0.912739        1.63602
14.1756       -6.85893         1.7502
12.2348       -3.11987        -1.4265
-3.79503        -12.964        -2.2617
-12.8253        3.51882       -1.32739
14.3353        2.55855        1.85717
-15.3066       -7.29456       -1.39408
15.4929        2.76857       -1.62214
4.43982        13.7521      -0.681345
-14.0887       -15.3267        2.28541
7.59012       -1.91623       0.468095
-3.95398       -8.51951       0.835588
3.53347       -3.99146        1.36084
10.929       -13.7417       -2.41171
-9.69169        15.6931       0.266747
-15.9405       -9.32162     -0.0326157
-6.86063         10.193      -0.693649
-10.9216       -12.8602        1.49127
-11.8682        8.33752       0.989344
2.29996       -14.6303       -2.26055
14.5831        9.93751        2.39541
0.351782       -12.2462       0.886452
8.02952        2.86757       -2.35388
-13.8496        15.9134        -0.3233
13.8948        1.68268       -1.59409
-12.8137        13.6452      -0.274325
0.354737        4.54806        1.55731
-4.0439       -11.0308       -1.16036
-8.31934       -14.7589      -0.304764
6.74341        3.75911       0.379542
11.1855        7.19824        1.91216
12.4374        8.80529      -0.767227
2.22134       -10.4195        1.97254
0.583408        14.9367       -2.11341
0.396056     -0.0491551       -1.91957
