-1.4881              0
-1.46429              0
-1.44048              0
-1.41667              0
-1.39286              0
-1.36905              0
-1.34524              0
-1.32143              0
-1.29762              0
-1.27381      0.0479306
-1.263       0.306756
-1.25       0.862751
-1.22619        1.07365
-1.20238        1.11199
-1.17857        1.21744
-1.15476        1.01613
-1.13095        1.22702
-1.10714       0.881923
-1.08333        1.04489
-1.05952       0.996957
-1.03571       0.738131
-1.0119       0.824407
-0.988095       0.699787
-0.964286       0.728545
-0.940476       0.728545
-0.916667       0.699787
-0.892857       0.747718
-0.869048       0.555995
-0.845238       0.690201
-0.821429       0.584753
-0.797619       0.651856
-0.77381       0.527237
-0.75       0.786062
-0.72619       0.805234
-0.702381       0.728545
-0.678571       0.517651
-0.654762        0.64227
-0.630952       0.565581
-0.607143       0.546409
-0.583333       0.671029
-0.559524        0.64227
-0.535714       0.747718
-0.511905       0.527237
-0.488095       0.632684
-0.464286       0.671029
-0.440476       0.584753
-0.416667       0.738131
-0.392857       0.958612
-0.369048       0.977785
-0.345238        0.81482
-0.321429       0.661442
-0.297619       0.565581
-0.27381       0.680615
-0.25        0.59434
-0.22619       0.747718
-0.202381       0.709373
-0.178571       0.671029
-0.154762       0.603926
-0.130952        0.59434
-0.107143       0.699787
-0.0833333       0.603926
-0.0595238       0.488892
-0.0357143       0.661442
-0.0119048        0.59434
0.0119048       0.632684
0.0357143       0.632684
0.0595238       0.651856
0.0833333       0.575167
0.107143        0.59434
0.130952       0.795648
0.154762       0.661442
0.178571       0.623098
0.202381       0.651856
0.22619       0.527237
0.25       0.671029
0.27381       0.671029
0.297619       0.833993
0.321429       0.805234
0.345238       0.498478
0.369048       0.603926
0.392857       0.460134
0.416667       0.498478
0.440476       0.575167
0.464286       0.613512
0.488095       0.575167
0.511905       0.632684
0.535714       0.747718
0.559524       0.671029
0.583333       0.555995
0.607143       0.536823
0.630952       0.498478
0.654762       0.575167
0.678571       0.738131
0.702381       0.575167
0.72619       0.546409
0.75       0.575167
0.77381       0.527237
0.797619       0.603926
0.821429       0.623098
0.845238       0.546409
0.869048       0.584753
0.892857       0.623098
0.916667       0.431376
0.940476       0.661442
0.964286       0.527237
0.988095       0.450548
1.0119       0.699787
1.03571       0.555995
1.05952        0.59434
1.08333       0.603926
1.10714       0.546409
1.13095       0.613512
1.15476       0.613512
1.17857       0.613512
1.20238        0.59434
1.22619       0.584753
1.25       0.584753
1.263        0.46972
1.27381       0.239653
1.29762              0
1.32143              0
1.34524              0
1.36905              0
1.39286              0
1.41667              0
1.44048              0
1.46429              0
1.4881              0
