-1.4881              0
-1.46429              0
-1.44048              0
-1.41667              0
-1.39286              0
-1.36905              0
-1.34524              0
-1.32143              0
-1.29762              0
-1.27381      0.0783745
-1.263       0.316763
-1.25       0.751089
-1.22619       0.989478
-1.20238       0.989478
-1.17857         1.0352
-1.15476       0.894775
-1.13095       0.943759
-1.10714       0.816401
-1.08333       0.878447
-1.05952       0.862119
-1.03571       0.744557
-1.0119       0.829463
-0.988095       0.715167
-0.964286       0.813135
-0.940476       0.744557
-0.916667       0.747823
-0.892857       0.708636
-0.869048        0.65312
-0.845238       0.656386
-0.821429       0.662917
-0.797619       0.561684
-0.77381       0.669448
-0.75        0.65312
-0.72619       0.620464
-0.702381       0.597605
-0.678571       0.545356
-0.654762       0.558418
-0.630952       0.640058
-0.607143       0.522496
-0.583333       0.643324
-0.559524       0.558418
-0.535714       0.630261
-0.511905       0.620464
-0.488095       0.587808
-0.464286       0.568215
-0.440476       0.636792
-0.416667       0.708636
-0.392857       0.731495
-0.369048       0.790276
-0.345238       0.689042
-0.321429       0.702104
-0.297619       0.607402
-0.27381       0.613933
-0.25       0.597605
-0.22619       0.587808
-0.202381       0.662917
-0.178571       0.662917
-0.154762       0.610668
-0.130952       0.692308
-0.107143       0.633527
-0.0833333       0.620464
-0.0595238       0.666183
-0.0357143       0.702104
-0.0119048       0.620464
0.0119048       0.702104
0.0357143       0.685776
0.0595238       0.659652
0.0833333       0.630261
0.107143       0.646589
0.130952       0.659652
0.154762       0.607402
0.178571       0.656386
0.202381       0.581277
0.22619       0.535559
0.25       0.561684
0.27381       0.548621
0.297619       0.636792
0.321429       0.600871
0.345238       0.656386
0.369048       0.522496
0.392857       0.568215
0.416667       0.666183
0.440476       0.662917
0.464286       0.600871
0.488095       0.672714
0.511905       0.607402
0.535714       0.613933
0.559524       0.610668
0.583333       0.558418
0.607143       0.581277
0.630952       0.587808
0.654762       0.640058
0.678571       0.591074
0.702381       0.636792
0.72619       0.568215
0.75        0.62373
0.77381        0.67598
0.797619       0.574746
0.821429       0.679245
0.845238       0.633527
0.869048       0.685776
0.892857       0.718433
0.916667       0.721698
0.940476        0.67598
0.964286       0.685776
0.988095       0.682511
1.0119       0.711901
1.03571       0.643324
1.05952       0.724964
1.08333        0.67598
1.10714       0.672714
1.13095       0.659652
1.15476       0.685776
1.17857       0.901306
1.20238       0.692308
1.22619       0.636792
1.25       0.715167
1.263       0.382075
1.27381       0.156749
1.29762              0
1.32143              0
1.34524              0
1.36905              0
1.39286              0
1.41667              0
1.44048              0
1.46429              0
1.4881              0
