-1.4881              0
-1.46429              0
-1.44048              0
-1.41667              0
-1.39286              0
-1.36905              0
-1.34524              0
-1.32143              0
-1.29762              0
-1.27381      0.0270154
-1.263       0.270154
-1.25       0.891509
-1.22619       0.918525
-1.20238        1.08062
-1.17857        1.08062
-1.15476       0.702401
-1.13095        1.16166
-1.10714        1.08062
-1.08333        1.37779
-1.05952         1.0536
-1.03571        1.02659
-1.0119       0.999571
-0.988095       0.918525
-0.964286       0.972556
-0.940476       0.972556
-0.916667        0.64837
-0.892857       0.891509
-0.869048       0.675386
-0.845238       0.756432
-0.821429       0.513293
-0.797619        0.64837
-0.77381       0.513293
-0.75         1.0536
-0.72619       0.756432
-0.702381       0.972556
-0.678571       0.513293
-0.654762       0.486278
-0.630952       0.675386
-0.607143       0.459262
-0.583333       0.702401
-0.559524       0.621355
-0.535714       0.756432
-0.511905       0.783448
-0.488095        0.64837
-0.464286       0.729417
-0.440476        0.59434
-0.416667       0.837479
-0.392857        1.13465
-0.369048        1.16166
-0.345238       0.864494
-0.321429       0.729417
-0.297619        0.64837
-0.27381       0.810463
-0.25       0.837479
-0.22619       0.756432
-0.202381       0.891509
-0.178571         1.0536
-0.154762       0.756432
-0.130952       0.513293
-0.107143       0.432247
-0.0833333        0.59434
-0.0595238       0.459262
-0.0357143       0.567324
-0.0119048       0.756432
0.0119048       0.621355
0.0357143       0.810463
0.0595238        0.94554
0.0833333       0.729417
0.107143       0.621355
0.130952       0.864494
0.154762       0.729417
0.178571       0.486278
0.202381       0.378216
0.22619       0.432247
0.25       0.675386
0.27381       0.756432
0.297619        0.64837
0.321429       0.837479
0.345238       0.432247
0.369048       0.702401
0.392857       0.351201
0.416667       0.540309
0.440476       0.459262
0.464286       0.729417
0.488095       0.756432
0.511905       0.783448
0.535714       0.513293
0.559524       0.540309
0.583333       0.621355
0.607143       0.513293
0.630952       0.378216
0.654762       0.621355
0.678571       0.675386
0.702381       0.540309
0.72619        0.64837
0.75       0.621355
0.77381       0.567324
0.797619       0.459262
0.821429       0.567324
0.845238       0.459262
0.869048       0.324185
0.892857       0.459262
0.916667       0.405232
0.940476       0.513293
0.964286       0.540309
0.988095       0.324185
1.0119       0.351201
1.03571       0.486278
1.05952       0.432247
1.08333       0.351201
1.10714       0.405232
1.13095       0.243139
1.15476       0.459262
1.17857       0.459262
1.20238        0.29717
1.22619       0.162093
1.25       0.243139
1.263       0.351201
1.27381       0.378216
1.29762              0
1.32143              0
1.34524              0
1.36905              0
1.39286              0
1.41667              0
1.44048              0
1.46429              0
1.4881              0
