-1.4881              0
-1.46429              0
-1.44048              0
-1.41667              0
-1.39286              0
-1.36905              0
-1.34524              0
-1.32143              0
-1.29762              0
-1.27381      0.0920808
-1.263       0.301355
-1.25       0.698977
-1.22619        0.93755
-1.20238       0.962663
-1.17857        1.05474
-1.15476       0.933364
-1.13095        1.00452
-1.10714       0.820356
-1.08333       0.933364
-1.05952       0.858026
-1.03571       0.757574
-1.0119       0.904066
-0.988095       0.711533
-0.964286       0.786872
-0.940476       0.682235
-0.916667       0.749203
-0.892857       0.673864
-0.869048        0.68642
-0.845238       0.661307
-0.821429       0.690606
-0.797619       0.548299
-0.77381       0.636195
-0.75       0.636195
-0.72619       0.615267
-0.702381       0.619453
-0.678571       0.519001
-0.654762       0.573412
-0.630952       0.661307
-0.607143       0.531557
-0.583333       0.648751
-0.559524       0.598525
-0.535714       0.652936
-0.511905       0.669678
-0.488095       0.632009
-0.464286       0.585969
-0.440476        0.68642
-0.416667       0.707348
-0.392857       0.757574
-0.369048       0.832913
-0.345238       0.715719
-0.321429       0.690606
-0.297619       0.644566
-0.27381       0.636195
-0.25       0.619453
-0.22619       0.652936
-0.202381       0.648751
-0.178571        0.68642
-0.154762        0.59434
-0.130952       0.652936
-0.107143       0.627824
-0.0833333       0.606896
-0.0595238       0.644566
-0.0357143        0.68642
-0.0119048       0.627824
0.0119048       0.732461
0.0357143        0.68642
0.0595238       0.669678
0.0833333       0.632009
0.107143       0.661307
0.130952       0.657122
0.154762       0.590154
0.178571        0.59434
0.202381       0.623638
0.22619       0.573412
0.25       0.602711
0.27381       0.581783
0.297619       0.711533
0.321429       0.636195
0.345238       0.644566
0.369048       0.590154
0.392857       0.560856
0.416667       0.703162
0.440476       0.661307
0.464286       0.573412
0.488095       0.644566
0.511905       0.606896
0.535714       0.544114
0.559524       0.611082
0.583333       0.560856
0.607143       0.560856
0.630952       0.548299
0.654762       0.632009
0.678571       0.615267
0.702381        0.64038
0.72619       0.590154
0.75        0.59434
0.77381       0.682235
0.797619        0.55667
0.821429       0.657122
0.845238       0.619453
0.869048       0.657122
0.892857       0.711533
0.916667       0.644566
0.940476       0.682235
0.964286       0.694791
0.988095       0.652936
1.0119        0.72409
1.03571       0.606896
1.05952       0.673864
1.08333       0.636195
1.10714       0.669678
1.13095       0.623638
1.15476       0.636195
1.17857       0.841284
1.20238       0.615267
1.22619       0.573412
1.25       0.711533
1.263       0.405993
1.27381        0.16742
1.29762              0
1.32143              0
1.34524              0
1.36905              0
1.39286              0
1.41667              0
1.44048              0
1.46429              0
1.4881              0
