-1.4881              0
-1.46429              0
-1.44048              0
-1.41667              0
-1.39286              0
-1.36905              0
-1.34524              0
-1.32143              0
-1.29762              0
-1.27381      0.0362402
-1.263       0.282674
-1.25       0.797285
-1.22619        1.07996
-1.20238        0.96399
-1.17857        1.10895
-1.15476       0.978486
-1.13095        1.13794
-1.10714       0.971238
-1.08333       0.992982
-1.05952       0.920502
-1.03571       0.732052
-1.0119       0.819029
-0.988095        0.66682
-0.964286        0.70306
-0.940476       0.746549
-0.916667        0.66682
-0.892857       0.717556
-0.869048        0.59434
-0.845238       0.637828
-0.821429       0.688564
-0.797619       0.724804
-0.77381       0.550851
-0.75       0.790037
-0.72619       0.739301
-0.702381       0.652324
-0.678571       0.529107
-0.654762       0.637828
-0.630952       0.579844
-0.607143       0.558099
-0.583333       0.674068
-0.559524       0.645076
-0.535714        0.66682
-0.511905       0.587092
-0.488095       0.688564
-0.464286       0.681316
-0.440476       0.637828
-0.416667       0.775541
-0.392857       0.898757
-0.369048       0.906006
-0.345238       0.782789
-0.321429       0.608836
-0.297619       0.565347
-0.27381       0.616084
-0.25       0.565347
-0.22619       0.710308
-0.202381       0.717556
-0.178571       0.732052
-0.154762        0.66682
-0.130952       0.550851
-0.107143       0.616084
-0.0833333       0.616084
-0.0595238       0.463875
-0.0357143        0.59434
-0.0119048       0.543603
0.0119048        0.59434
0.0357143       0.616084
0.0595238        0.66682
0.0833333       0.616084
0.107143       0.746549
0.130952       0.761045
0.154762       0.695812
0.178571        0.63058
0.202381       0.645076
0.22619       0.543603
0.25       0.695812
0.27381       0.652324
0.297619       0.790037
0.321429       0.775541
0.345238       0.616084
0.369048       0.637828
0.392857       0.558099
0.416667       0.529107
0.440476       0.558099
0.464286       0.637828
0.488095       0.601588
0.511905       0.688564
0.535714       0.732052
0.559524       0.695812
0.583333        0.63058
0.607143       0.558099
0.630952       0.449379
0.654762       0.543603
0.678571       0.688564
0.702381       0.558099
0.72619       0.550851
0.75       0.565347
0.77381       0.529107
0.797619        0.66682
0.821429       0.674068
0.845238       0.587092
0.869048       0.587092
0.892857       0.616084
0.916667       0.456627
0.940476       0.623332
0.964286       0.550851
0.988095       0.550851
1.0119       0.753797
1.03571       0.623332
1.05952       0.623332
1.08333        0.59434
1.10714       0.558099
1.13095       0.616084
1.15476       0.608836
1.17857       0.637828
1.20238       0.572595
1.22619       0.601588
1.25        0.59434
1.263       0.500115
1.27381       0.231937
1.29762              0
1.32143              0
1.34524              0
1.36905              0
1.39286              0
1.41667              0
1.44048              0
1.46429              0
1.4881              0
