-1.4881              0
-1.46429              0
-1.44048              0
-1.41667              0
-1.39286              0
-1.36905              0
-1.34524              0
-1.32143              0
-1.29762              0
-1.27381       0.077044
-1.263       0.311845
-1.25        0.71174
-1.22619       0.935535
-1.20238       0.957547
-1.17857       0.961216
-1.15476       0.843816
-1.13095        1.01258
-1.10714       0.913522
-1.08333       0.884172
-1.05952       0.862159
-1.03571       0.689727
-1.0119       0.733753
-0.988095       0.715409
-0.964286       0.708071
-0.940476       0.704403
-0.916667        0.74109
-0.892857       0.689727
-0.869048       0.656709
-0.845238       0.642034
-0.821429       0.656709
-0.797619       0.642034
-0.77381       0.575996
-0.75       0.719078
-0.72619       0.686059
-0.702381        0.65304
-0.678571       0.498952
-0.654762       0.616352
-0.630952       0.542977
-0.607143       0.535639
-0.583333       0.612683
-0.559524       0.660377
-0.535714       0.678721
-0.511905       0.664046
-0.488095       0.678721
-0.464286       0.645702
-0.440476       0.700734
-0.416667       0.726415
-0.392857       0.766771
-0.369048        0.77044
-0.345238       0.766771
-0.321429       0.697065
-0.297619       0.671384
-0.27381       0.693396
-0.25       0.649371
-0.22619       0.656709
-0.202381        0.71174
-0.178571       0.704403
-0.154762       0.678721
-0.130952       0.575996
-0.107143       0.675052
-0.0833333       0.642034
-0.0595238       0.531971
-0.0357143       0.642034
-0.0119048        0.59434
0.0119048       0.609015
0.0357143       0.649371
0.0595238       0.612683
0.0833333       0.704403
0.107143       0.656709
0.130952       0.766771
0.154762       0.678721
0.178571       0.664046
0.202381       0.649371
0.22619       0.601677
0.25       0.634696
0.27381       0.675052
0.297619       0.737421
0.321429       0.733753
0.345238        0.62369
0.369048       0.645702
0.392857       0.583333
0.416667        0.56499
0.440476       0.583333
0.464286       0.553983
0.488095       0.539308
0.511905       0.601677
0.535714        0.65304
0.559524       0.686059
0.583333        0.68239
0.607143       0.575996
0.630952       0.520964
0.654762       0.590671
0.678571       0.609015
0.702381       0.535639
0.72619       0.583333
0.75       0.539308
0.77381       0.561321
0.797619       0.583333
0.821429       0.649371
0.845238       0.542977
0.869048       0.568658
0.892857       0.656709
0.916667       0.542977
0.940476       0.656709
0.964286       0.645702
0.988095       0.689727
1.0119       0.774109
1.03571        0.65304
1.05952       0.678721
1.08333       0.675052
1.10714       0.664046
1.13095       0.693396
1.15476       0.730084
1.17857       0.660377
1.20238       0.774109
1.22619       0.700734
1.25       0.649371
1.263       0.403564
1.27381       0.161426
1.29762              0
1.32143              0
1.34524              0
1.36905              0
1.39286              0
1.41667              0
1.44048              0
1.46429              0
1.4881              0
