-1.4881              0
-1.46429              0
-1.44048              0
-1.41667              0
-1.39286              0
-1.36905              0
-1.34524              0
-1.32143              0
-1.29762              0
-1.27381              0
-1.263              0
-1.25              0
-1.22619              0
-1.20238      0.0141509
-1.17857       0.466981
-1.15476        0.90566
-1.13095       0.919811
-1.10714       0.962264
-1.08333        1.03302
-1.05952       0.863208
-1.03571       0.820755
-1.0119       0.933962
-0.988095       0.707547
-0.964286       0.820755
-0.940476           0.75
-0.916667       0.778302
-0.892857       0.806604
-0.869048       0.863208
-0.845238        0.59434
-0.821429       0.636792
-0.797619       0.537736
-0.77381       0.650943
-0.75       0.693396
-0.72619       0.891509
-0.702381       0.679245
-0.678571       0.806604
-0.654762       0.877358
-0.630952       0.721698
-0.607143       0.806604
-0.583333       0.962264
-0.559524       0.806604
-0.535714       0.792453
-0.511905       0.721698
-0.488095       0.778302
-0.464286        0.59434
-0.440476       0.679245
-0.416667       0.707547
-0.392857       0.608491
-0.369048       0.608491
-0.345238       0.481132
-0.321429       0.481132
-0.297619       0.778302
-0.27381       0.834906
-0.25       0.707547
-0.22619       0.679245
-0.202381       0.622642
-0.178571       0.891509
-0.154762       0.721698
-0.130952       0.764151
-0.107143       0.566038
-0.0833333       0.466981
-0.0595238       0.551887
-0.0357143       0.537736
-0.0119048       0.636792
0.0119048       0.679245
0.0357143       0.495283
0.0595238        0.59434
0.0833333       0.580189
0.107143       0.481132
0.130952       0.509434
0.154762       0.495283
0.178571       0.608491
0.202381       0.424528
0.22619       0.566038
0.25        0.59434
0.27381       0.495283
0.297619       0.551887
0.321429       0.636792
0.345238       0.608491
0.369048       0.608491
0.392857       0.495283
0.416667       0.396226
0.440476       0.495283
0.464286        0.59434
0.488095       0.509434
0.511905       0.650943
0.535714       0.608491
0.559524       0.495283
0.583333        0.59434
0.607143       0.495283
0.630952       0.566038
0.654762       0.665094
0.678571       0.608491
0.702381       0.523585
0.72619       0.551887
0.75       0.537736
0.77381       0.537736
0.797619        0.45283
0.821429       0.523585
0.845238       0.509434
0.869048       0.495283
0.892857       0.509434
0.916667       0.566038
0.940476       0.410377
0.964286       0.523585
0.988095       0.424528
1.0119       0.410377
1.03571       0.523585
1.05952       0.325472
1.08333       0.580189
1.10714        0.45283
1.13095       0.424528
1.15476       0.566038
1.17857       0.481132
1.20238      0.0424528
1.22619              0
1.25              0
1.263              0
1.27381              0
1.29762              0
1.32143              0
1.34524              0
1.36905              0
1.39286              0
1.41667              0
1.44048              0
1.46429              0
1.4881              0
