-1.4881              0
-1.46429              0
-1.44048              0
-1.41667              0
-1.39286              0
-1.36905              0
-1.34524              0
-1.32143              0
-1.29762              0
-1.27381              0
-1.263              0
-1.25              0
-1.22619              0
-1.20238      0.0341015
-1.17857       0.418961
-1.15476       0.682029
-1.13095       0.759975
-1.10714        0.77459
-1.08333       0.867151
-1.05952       0.867151
-1.03571       0.677157
-1.0119        0.74536
-0.988095       0.677157
-0.964286       0.638184
-0.940476       0.677157
-0.916667       0.725874
-0.892857       0.686901
-0.869048       0.711259
-0.845238       0.584596
-0.821429       0.638184
-0.797619       0.638184
-0.77381       0.682029
-0.75       0.657671
-0.72619       0.686901
-0.702381       0.657671
-0.678571       0.740489
-0.654762       0.784333
-0.630952       0.750232
-0.607143       0.818435
-0.583333       0.769719
-0.559524       0.652799
-0.535714        0.74536
-0.511905       0.672286
-0.488095       0.643056
-0.464286       0.721002
-0.440476       0.759975
-0.416667        0.74536
-0.392857       0.618698
-0.369048       0.657671
-0.345238       0.569981
-0.321429       0.545623
-0.297619       0.623569
-0.27381       0.735617
-0.25       0.647928
-0.22619       0.589468
-0.202381       0.638184
-0.178571       0.672286
-0.154762       0.569981
-0.130952        0.56511
-0.107143       0.579725
-0.0833333       0.540752
-0.0595238       0.531008
-0.0357143       0.511522
-0.0119048       0.521265
0.0119048       0.599211
0.0357143       0.555367
0.0595238        0.56511
0.0833333       0.599211
0.107143       0.492035
0.130952       0.521265
0.154762       0.482292
0.178571       0.589468
0.202381        0.47742
0.22619        0.56511
0.25       0.501779
0.27381        0.59434
0.297619       0.531008
0.321429       0.604083
0.345238       0.555367
0.369048       0.574853
0.392857       0.560238
0.416667       0.433576
0.440476        0.53588
0.464286       0.599211
0.488095       0.584596
0.511905       0.638184
0.535714       0.682029
0.559524       0.584596
0.583333       0.604083
0.607143       0.589468
0.630952       0.672286
0.654762       0.701516
0.678571        0.74536
0.702381       0.652799
0.72619       0.628441
0.75       0.672286
0.77381       0.599211
0.797619       0.540752
0.821429       0.677157
0.845238       0.560238
0.869048       0.711259
0.892857       0.686901
0.916667       0.604083
0.940476       0.608955
0.964286       0.589468
0.988095       0.599211
1.0119       0.531008
1.03571       0.667414
1.05952       0.496907
1.08333       0.725874
1.10714       0.638184
1.13095       0.569981
1.15476       0.628441
1.17857       0.423832
1.20238      0.0389731
1.22619              0
1.25              0
1.263              0
1.27381              0
1.29762              0
1.32143              0
1.34524              0
1.36905              0
1.39286              0
1.41667              0
1.44048              0
1.46429              0
1.4881              0
