-1.4881              0
-1.46429              0
-1.44048              0
-1.41667              0
-1.39286              0
-1.36905              0
-1.34524              0
-1.32143              0
-1.29762              0
-1.27381              0
-1.263              0
-1.25              0
-1.22619              0
-1.20238      0.0434883
-1.17857       0.384146
-1.15476       0.782789
-1.13095       0.753797
-1.10714       0.898757
-1.08333       0.833525
-1.05952       0.862517
-1.03571       0.811781
-1.0119       0.956742
-0.988095       0.761045
-0.964286       0.695812
-0.940476       0.782789
-0.916667       0.645076
-0.892857       0.790037
-0.869048       0.782789
-0.845238       0.637828
-0.821429       0.558099
-0.797619       0.521859
-0.77381        0.66682
-0.75       0.616084
-0.72619       0.695812
-0.702381       0.659572
-0.678571       0.688564
-0.654762       0.790037
-0.630952       0.840773
-0.607143       0.826277
-0.583333       0.790037
-0.559524       0.732052
-0.535714       0.717556
-0.511905       0.724804
-0.488095       0.753797
-0.464286       0.579844
-0.440476        0.66682
-0.416667       0.572595
-0.392857       0.587092
-0.369048       0.543603
-0.345238       0.492867
-0.321429       0.674068
-0.297619       0.732052
-0.27381       0.732052
-0.25       0.674068
-0.22619       0.558099
-0.202381       0.645076
-0.178571       0.724804
-0.154762       0.681316
-0.130952        0.63058
-0.107143       0.645076
-0.0833333       0.543603
-0.0595238       0.558099
-0.0357143       0.572595
-0.0119048       0.616084
0.0119048       0.587092
0.0357143       0.485619
0.0595238       0.507363
0.0833333       0.478371
0.107143       0.587092
0.130952       0.492867
0.154762       0.492867
0.178571       0.550851
0.202381       0.608836
0.22619       0.521859
0.25       0.637828
0.27381       0.478371
0.297619       0.521859
0.321429       0.485619
0.345238       0.659572
0.369048       0.500115
0.392857       0.521859
0.416667       0.492867
0.440476       0.543603
0.464286        0.63058
0.488095       0.637828
0.511905       0.659572
0.535714       0.550851
0.559524       0.623332
0.583333       0.681316
0.607143       0.514611
0.630952       0.637828
0.654762       0.739301
0.678571       0.536355
0.702381       0.601588
0.72619       0.536355
0.75        0.59434
0.77381       0.572595
0.797619       0.608836
0.821429       0.674068
0.845238        0.66682
0.869048        0.66682
0.892857       0.688564
0.916667       0.608836
0.940476       0.623332
0.964286       0.521859
0.988095       0.579844
1.0119       0.514611
1.03571        0.59434
1.05952       0.543603
1.08333       0.521859
1.10714       0.485619
1.13095       0.500115
1.15476       0.579844
1.17857       0.478371
1.20238      0.0362402
1.22619              0
1.25              0
1.263              0
1.27381              0
1.29762              0
1.32143              0
1.34524              0
1.36905              0
1.39286              0
1.41667              0
1.44048              0
1.46429              0
1.4881              0
