-1.4881              0
-1.46429              0
-1.44048              0
-1.41667              0
-1.39286              0
-1.36905              0
-1.34524              0
-1.32143              0
-1.29762              0
-1.27381              0
-1.263              0
-1.25              0
-1.22619              0
-1.20238      0.0711533
-1.17857       0.385065
-1.15476       0.749203
-1.13095       0.749203
-1.10714       0.811985
-1.08333       0.774316
-1.05952       0.774316
-1.03571       0.740832
-1.0119         0.8078
-0.988095       0.707348
-0.964286       0.648751
-0.940476       0.673864
-0.916667       0.703162
-0.892857       0.690606
-0.869048       0.678049
-0.845238       0.627824
-0.821429       0.573412
-0.797619       0.502259
-0.77381       0.682235
-0.75       0.657122
-0.72619       0.715719
-0.702381       0.636195
-0.678571       0.644566
-0.654762       0.774316
-0.630952        0.85384
-0.607143       0.782687
-0.583333       0.786872
-0.559524       0.673864
-0.535714       0.657122
-0.511905       0.678049
-0.488095        0.77013
-0.464286       0.577598
-0.440476        0.64038
-0.416667       0.627824
-0.392857       0.652936
-0.369048       0.615267
-0.345238       0.573412
-0.321429       0.703162
-0.297619       0.703162
-0.27381       0.632009
-0.25       0.707348
-0.22619       0.573412
-0.202381        0.64038
-0.178571       0.673864
-0.154762       0.661307
-0.130952       0.615267
-0.107143       0.590154
-0.0833333       0.585969
-0.0595238       0.548299
-0.0357143       0.619453
-0.0119048       0.606896
0.0119048       0.548299
0.0357143       0.535743
0.0595238       0.552485
0.0833333       0.531557
0.107143        0.59434
0.130952       0.619453
0.154762       0.519001
0.178571       0.577598
0.202381       0.585969
0.22619       0.514815
0.25       0.569227
0.27381       0.502259
0.297619       0.539928
0.321429       0.477146
0.345238       0.627824
0.369048       0.489702
0.392857       0.519001
0.416667       0.519001
0.440476       0.535743
0.464286       0.573412
0.488095       0.619453
0.511905       0.590154
0.535714       0.560856
0.559524       0.703162
0.583333       0.694791
0.607143       0.539928
0.630952        0.64038
0.654762        0.64038
0.678571       0.611082
0.702381       0.590154
0.72619       0.569227
0.75       0.602711
0.77381       0.581783
0.797619       0.544114
0.821429       0.632009
0.845238       0.648751
0.869048       0.652936
0.892857        0.59434
0.916667       0.678049
0.940476       0.598525
0.964286       0.606896
0.988095       0.619453
1.0119       0.652936
1.03571       0.652936
1.05952       0.623638
1.08333        0.64038
1.10714       0.644566
1.13095       0.598525
1.15476       0.703162
1.17857       0.460404
1.20238      0.0418549
1.22619              0
1.25              0
1.263              0
1.27381              0
1.29762              0
1.32143              0
1.34524              0
1.36905              0
1.39286              0
1.41667              0
1.44048              0
1.46429              0
1.4881              0
