-1.4881              0
-1.46429              0
-1.44048              0
-1.41667              0
-1.39286              0
-1.36905              0
-1.34524              0
-1.32143              0
-1.29762              0
-1.27381              0
-1.263              0
-1.25              0
-1.22619              0
-1.20238      0.0383445
-1.17857       0.431376
-1.15476       0.786062
-1.13095       0.910682
-1.10714       0.987371
-1.08333       0.996957
-1.05952       0.891509
-1.03571        0.81482
-1.0119       0.910682
-0.988095       0.805234
-0.964286       0.776476
-0.940476       0.671029
-0.916667        0.76689
-0.892857       0.728545
-0.869048       0.833993
-0.845238       0.575167
-0.821429       0.565581
-0.797619       0.460134
-0.77381       0.699787
-0.75       0.690201
-0.72619       0.824407
-0.702381       0.709373
-0.678571       0.805234
-0.654762       0.843579
-0.630952       0.671029
-0.607143        0.76689
-0.583333       0.786062
-0.559524       0.709373
-0.535714       0.699787
-0.511905       0.671029
-0.488095       0.699787
-0.464286       0.738131
-0.440476       0.738131
-0.416667       0.718959
-0.392857       0.584753
-0.369048       0.565581
-0.345238       0.527237
-0.321429       0.488892
-0.297619        0.64227
-0.27381       0.786062
-0.25       0.651856
-0.22619       0.661442
-0.202381       0.603926
-0.178571       0.776476
-0.154762       0.671029
-0.130952       0.632684
-0.107143       0.584753
-0.0833333       0.603926
-0.0595238        0.59434
-0.0357143       0.565581
-0.0119048       0.565581
0.0119048       0.623098
0.0357143       0.488892
0.0595238       0.546409
0.0833333       0.632684
0.107143       0.450548
0.130952       0.508065
0.154762       0.431376
0.178571       0.565581
0.202381       0.402617
0.22619       0.517651
0.25       0.575167
0.27381       0.450548
0.297619       0.517651
0.321429       0.575167
0.345238       0.546409
0.369048       0.603926
0.392857       0.498478
0.416667       0.421789
0.440476       0.517651
0.464286        0.59434
0.488095        0.59434
0.511905       0.623098
0.535714       0.718959
0.559524       0.575167
0.583333       0.536823
0.607143       0.536823
0.630952        0.64227
0.654762       0.671029
0.678571       0.680615
0.702381       0.565581
0.72619       0.536823
0.75       0.546409
0.77381       0.527237
0.797619       0.536823
0.821429       0.623098
0.845238       0.603926
0.869048       0.661442
0.892857       0.623098
0.916667       0.584753
0.940476       0.584753
0.964286       0.613512
0.988095       0.555995
1.0119       0.479306
1.03571       0.565581
1.05952       0.421789
1.08333       0.709373
1.10714       0.479306
1.13095       0.421789
1.15476       0.555995
1.17857       0.488892
1.20238      0.0383445
1.22619              0
1.25              0
1.263              0
1.27381              0
1.29762              0
1.32143              0
1.34524              0
1.36905              0
1.39286              0
1.41667              0
1.44048              0
1.46429              0
1.4881              0
