-1.4881              0
-1.46429              0
-1.44048              0
-1.41667              0
-1.39286              0
-1.36905              0
-1.34524              0
-1.32143              0
-1.29762              0
-1.27381              0
-1.263              0
-1.25              0
-1.22619              0
-1.20238       0.065312
-1.17857       0.382075
-1.15476       0.734761
-1.13095       0.728229
-1.10714       0.790276
-1.08333        0.75762
-1.05952       0.724964
-1.03571       0.783745
-1.0119       0.793541
-0.988095       0.702104
-0.964286        0.65312
-0.940476       0.626996
-0.916667       0.666183
-0.892857       0.689042
-0.869048       0.666183
-0.845238       0.640058
-0.821429       0.610668
-0.797619       0.525762
-0.77381        0.65312
-0.75        0.67598
-0.72619       0.698839
-0.702381       0.604136
-0.678571        0.67598
-0.654762       0.767417
-0.630952       0.826197
-0.607143       0.741292
-0.583333       0.715167
-0.559524       0.643324
-0.535714       0.630261
-0.511905       0.640058
-0.488095        0.70537
-0.464286       0.574746
-0.440476        0.62373
-0.416667       0.620464
-0.392857       0.646589
-0.369048       0.626996
-0.345238       0.620464
-0.321429        0.70537
-0.297619       0.672714
-0.27381       0.630261
-0.25       0.698839
-0.22619       0.578012
-0.202381       0.581277
-0.178571       0.630261
-0.154762       0.617199
-0.130952       0.564949
-0.107143       0.564949
-0.0833333       0.578012
-0.0595238       0.561684
-0.0357143       0.604136
-0.0119048       0.636792
0.0119048       0.578012
0.0357143       0.532293
0.0595238       0.564949
0.0833333       0.551887
0.107143       0.584543
0.130952       0.640058
0.154762       0.525762
0.178571        0.59434
0.202381       0.610668
0.22619       0.578012
0.25       0.581277
0.27381       0.515965
0.297619       0.574746
0.321429       0.496372
0.345238       0.626996
0.369048         0.5127
0.392857       0.535559
0.416667       0.558418
0.440476       0.548621
0.464286       0.643324
0.488095       0.607402
0.511905       0.597605
0.535714       0.600871
0.559524       0.718433
0.583333       0.649855
0.607143       0.548621
0.630952       0.600871
0.654762       0.633527
0.678571       0.607402
0.702381        0.57148
0.72619       0.574746
0.75       0.630261
0.77381       0.555152
0.797619       0.607402
0.821429       0.685776
0.845238       0.702104
0.869048       0.649855
0.892857       0.636792
0.916667       0.669448
0.940476       0.666183
0.964286       0.597605
0.988095       0.626996
1.0119       0.626996
1.03571       0.649855
1.05952       0.613933
1.08333       0.633527
1.10714       0.649855
1.13095       0.659652
1.15476       0.728229
1.17857       0.450653
1.20238      0.0391872
1.22619              0
1.25              0
1.263              0
1.27381              0
1.29762              0
1.32143              0
1.34524              0
1.36905              0
1.39286              0
1.41667              0
1.44048              0
1.46429              0
1.4881              0
