-1.4881              0
-1.46429              0
-1.44048              0
-1.41667              0
-1.39286              0
-1.36905              0
-1.34524              0
-1.32143              0
-1.29762              0
-1.27381              0
-1.263              0
-1.25              0
-1.22619              0
-1.20238      0.0291343
-1.17857       0.442841
-1.15476       0.839068
-1.13095       0.850721
-1.10714       0.757492
-1.08333       0.926471
-1.05952       0.839068
-1.03571       0.804107
-1.0119       0.856548
-0.988095       0.821587
-0.964286       0.751665
-0.940476       0.664262
-0.916667       0.693396
-0.892857       0.670089
-0.869048       0.792453
-0.845238       0.600166
-0.821429       0.605993
-0.797619       0.565205
-0.77381       0.699223
-0.75       0.769145
-0.72619       0.728357
-0.702381       0.681743
-0.678571       0.623474
-0.654762        0.81576
-0.630952       0.716704
-0.607143       0.687569
-0.583333       0.716704
-0.559524       0.710877
-0.535714       0.681743
-0.511905       0.722531
-0.488095       0.652608
-0.464286       0.681743
-0.440476       0.635128
-0.416667       0.553552
-0.392857       0.675916
-0.369048       0.675916
-0.345238       0.600166
-0.321429       0.623474
-0.297619        0.59434
-0.27381       0.687569
-0.25       0.617647
-0.22619       0.576859
-0.202381       0.576859
-0.178571        0.61182
-0.154762       0.617647
-0.130952       0.623474
-0.107143       0.541898
-0.0833333       0.640954
-0.0595238       0.547725
-0.0357143       0.617647
-0.0119048        0.70505
0.0119048       0.629301
0.0357143       0.553552
0.0595238       0.617647
0.0833333       0.524417
0.107143       0.588513
0.130952        0.50111
0.154762       0.553552
0.178571        0.50111
0.202381       0.571032
0.22619       0.635128
0.25       0.553552
0.27381        0.51859
0.297619       0.571032
0.321429       0.483629
0.345238       0.646781
0.369048       0.605993
0.392857       0.466149
0.416667        0.50111
0.440476       0.588513
0.464286       0.576859
0.488095       0.635128
0.511905       0.646781
0.535714       0.600166
0.559524       0.652608
0.583333       0.687569
0.607143       0.623474
0.630952       0.605993
0.654762       0.646781
0.678571       0.565205
0.702381       0.646781
0.72619       0.553552
0.75       0.617647
0.77381       0.588513
0.797619       0.605993
0.821429       0.600166
0.845238       0.605993
0.869048       0.565205
0.892857        0.59434
0.916667       0.623474
0.940476       0.495283
0.964286       0.524417
0.988095       0.524417
1.0119       0.483629
1.03571       0.506937
1.05952       0.495283
1.08333        0.59434
1.10714       0.629301
1.13095       0.588513
1.15476       0.664262
1.17857       0.460322
1.20238      0.0582686
1.22619              0
1.25              0
1.263              0
1.27381              0
1.29762              0
1.32143              0
1.34524              0
1.36905              0
1.39286              0
1.41667              0
1.44048              0
1.46429              0
1.4881              0
