1        3417.93        312.387        3105.77        3417.93       0.269626      -0.498593
100        3418.04        721.034        2873.48        3418.04         52.252       -228.728
200        3418.09        768.999        2588.15        3418.09         34.704         26.239
300        3418.16        726.528        2411.68        3418.16         17.596        262.351
400        3418.23        703.574         2246.6        3418.23        5.10943        462.948
500        3418.13        705.709        2082.78        3418.13         2.0621        627.584
600        3417.96        686.538        1953.62        3417.96        3.00448        774.799
700        3417.77        690.003        1823.29        3417.77          2.059        902.421
800        3417.63        679.248        1695.78        3417.63       0.956908        1041.64
900        3417.56        675.825         1585.2        3417.56        1.43755        1155.09
1000        3417.45        695.127        1443.15        3417.45       0.842127        1278.33
1100        3417.36        710.724        1343.31        3417.36       0.817905        1362.51
1200        3417.36         677.75        1249.71        3417.36        1.17499        1488.73
1300        3417.37        681.586        1129.86        3417.37          4.866        1601.05
1400        3417.34        718.138        1020.94        3417.34        1.23291        1677.02
1500        3417.34         690.35        938.827        3417.34        1.90882        1786.25
1600        3417.36        689.494        843.626        3417.36        1.57302        1882.66
1700        3417.38        691.732        746.662        3417.38        1.18469         1977.8
1800        3417.35        688.386        673.202        3417.35         1.3453        2054.42
1900         3417.3        731.549        595.361         3417.3       0.964825        2089.42
2000        3417.23        682.494        530.426        3417.23       0.563443        2203.75
2100        3417.18        710.687        447.233        3417.18        1.93008        2257.33
2200        3417.15        690.017        389.423        3417.15       0.321936        2337.39
2300        3417.16        709.985        337.363        3417.16        1.11085         2368.7
2400        3417.18         690.03        296.163        3417.18        3.13433        2427.85
2500        3417.18        705.788        234.098        3417.18       0.897024        2476.39
2600        3417.21        677.618        198.394        3417.21       0.994889         2540.2
2700        3417.21        651.375        145.448        3417.21       0.625172        2619.76
2800        3417.21        667.775        93.3457        3417.21       0.496159         2655.6
2900        3417.18        621.963        58.6788        3417.18       0.495985        2736.04
3000        3417.12        663.038        28.0252        3417.12       0.351129        2725.71
3100        3417.05        697.531       -18.0906        3417.05        5.10999         2732.5
3200        3417.02        732.411       -29.3916        3417.02        1.17591        2712.83
3300        3417.04        705.198       -63.2791        3417.04       0.718538         2774.4
3400        3417.04        697.292       -84.8656        3417.04        3.57934        2801.03
3500        3417.05        678.364       -102.527        3417.05        1.43552        2839.78
3600        3417.06        668.183       -119.245        3417.06        1.17074        2866.95
3700        3417.06        636.374       -125.333        3417.06         4.0006        2902.02
3800        3417.04        657.625         -139.7        3417.04        1.41716         2897.7
3900        3417.03        669.794       -152.023        3417.03         3.0428        2896.22
4000        3417.05        675.042       -161.899        3417.05        2.43384        2901.47
4100        3417.07        703.893       -177.269        3417.07        4.36736        2886.08
4200        3417.08         701.73       -182.578        3417.08       0.642724        2897.28
4300        3417.07        702.922       -196.161        3417.07        2.02806        2908.28
4400        3417.06        678.591       -200.188        3417.06        3.63064        2935.03
4500        3417.08        669.016       -203.487        3417.08       0.362518        2951.19
4600        3417.11        637.412       -217.113        3417.11       0.394932        2996.41
4700        3417.14         677.21       -217.956        3417.14        1.74879        2956.13
4800        3417.15        681.749       -225.555        3417.15        1.57043        2959.39
4900        3417.16        721.696       -229.044        3417.16        1.10051        2923.41
5000        3417.16        704.713       -227.023        3417.16       0.374023        2939.09
5100        3417.16        683.424       -227.139        3417.16        2.97055         2957.9
5200        3417.17        666.086       -242.124        3417.17         2.4554        2990.75
5300        3417.15        664.645       -243.297        3417.15        4.10725         2991.7
5400        3417.13        699.481       -246.851        3417.13        1.66267        2962.84
5500        3417.12        691.807       -246.942        3417.12        0.42182        2971.83
5600        3417.07          699.9       -245.398        3417.07        1.82722        2960.75
5700        3417.03        668.769       -246.093        3417.03        2.77805        2991.57
5800        3416.98        628.036       -251.186        3416.98        1.15217        3038.98
5900        3416.94         654.71       -250.643        3416.94       0.544444        3012.33
6000        3416.92        672.156        -251.09        3416.92        3.41303        2992.44
6100        3416.92        691.527       -250.355        3416.92        4.71834        2971.03
6200        3416.93        701.898       -257.372        3416.93        0.36525        2972.04
6300        3416.95        718.232       -256.619        3416.95        2.92144        2952.41
6400        3416.97         682.74       -253.075        3416.97         3.5943        2983.71
6500           3417         649.84        -255.32           3417        1.56387        3020.92
6600        3417.04         667.96       -251.468        3417.04        3.40819        2997.14
6700        3417.09        672.821       -249.286        3417.09        1.85742        2991.69
6800        3417.14        696.741       -245.395        3417.14        1.92725        2963.87
6900        3417.16        738.615       -250.844        3417.16        2.29544         2927.1
7000        3417.18        668.431       -251.021        3417.18        1.72579        2998.04
7100        3417.19        654.505       -254.953        3417.19        2.38684        3015.25
7200        3417.18        631.579        -254.16        3417.18        1.31874        3038.44
7300        3417.16         686.63       -244.249        3417.16       0.577868         2974.2
7400        3417.17        684.572       -257.045        3417.17        1.68528        2987.96
7500        3417.21        610.748       -249.067        3417.21        2.73285         3052.8
7600        3417.25        667.233       -250.478        3417.25       0.778075        2999.72
7700        3417.29         693.42       -253.035        3417.29        1.54735        2975.36
7800        3417.31        681.476         -244.4        3417.31        1.35592        2978.88
7900         3417.3        674.909       -247.591         3417.3        2.21072        2987.77
8000        3417.27        669.203       -247.538        3417.27        1.00981         2994.6
8100        3417.24        700.894       -243.823        3417.24        2.45655        2957.72
8200        3417.23         688.48       -247.914        3417.23       0.396011        2976.27
8300        3417.23        672.001        -241.41        3417.23        2.02183        2984.62
8400        3417.23        671.611       -235.017        3417.23       0.858288        2979.77
8500        3417.22        659.366       -227.053        3417.22       0.845591        2984.06
8600         3417.2          689.1       -242.879         3417.2        5.02978        2965.95
8700        3417.19        710.494       -214.328        3417.19        1.93159        2919.09
8800        3417.16        673.787       -227.495        3417.16        0.81094        2970.05
8900        3417.14        645.606        -229.58        3417.14        1.81072         2999.3
9000        3417.16        641.979       -231.647        3417.16        3.08359        3003.74
9100         3417.2        673.694       -233.964         3417.2       0.634744        2976.83
9200        3417.22        732.162       -229.247        3417.22        2.62337        2911.68
9300        3417.26        709.192       -224.812        3417.26        1.32172        2931.56
9400        3417.29        687.305       -233.215        3417.29        1.25583        2961.95
9500        3417.32        618.464       -224.081        3417.32         2.0032        3020.93
9600        3417.35        651.931       -221.435        3417.35       0.841301        2986.01
9700        3417.37        663.126       -228.478        3417.37        2.83405        2979.89
9800         3417.4        689.347       -225.039         3417.4        4.11158        2948.98
9900        3417.48        699.936       -218.985        3417.48      0.0769801        2936.45
10000        3417.55        684.001       -227.453        3417.55        4.36902        2956.63
