11.7193        12.1391        2.37322
-8.61228        4.60134         1.3276
10.509        4.29277        1.09932
3.04688        14.8738      0.0166616
-15.289       -4.65769       -1.13113
-14.1645       -4.47003      -0.592121
3.8799       -6.80691        2.42939
1.88833       -14.1967        1.53795
-13.9917       -7.47581       -1.25677
-12.3187        -13.649        1.92872
-7.78318       -10.1611      -0.651006
-13.5344       -12.0213      -0.760593
-13.1319       -13.9169        -1.4105
1.30244       -16.0793       -1.18531
5.86268        13.5217       -1.67673
2.78871        5.43146       -2.31158
14.8636        11.3452       -2.00055
2.50161        3.57959        2.32792
8.81578       -13.8551       -2.21948
-9.05132        14.7767        2.27109
10.8165        5.54947        2.62048
-13.0387       -3.38752       -2.23811
-1.20679       -10.2263        2.31696
-12.4522        6.57032       0.911777
-4.74983        4.15324       -1.00632
-14.6467       -11.5604       -1.70352
3.14813        12.5277       0.764835
-3.63627        4.10283       -1.68148
-9.24914        7.25272       0.407486
-1.20072       -15.5202      -0.179409
3.39698       -7.77836       0.294921
6.55339        5.34081       -2.17924
3.34334       -6.44134      -0.698084
2.58074       -15.4202       -1.51123
11.8266       -14.4946       -1.78145
13.1368       -7.83268       -2.02266
-5.12922       -15.0848       -1.60904
-8.96374        -10.943        1.45049
7.14601        2.10373        2.45848
-14.2932       0.522953       0.532517
11.5556       -8.61713        1.86617
5.84236       -3.40337       -2.54598
13.2462        5.54187       -2.24527
-8.11485       -12.9849        2.30883
3.03109        2.67836       -1.47813
11.1837       -3.30072        2.36531
1.17109       -10.1942       0.469384
-14.8514       -2.29571      -0.926176
3.78286        8.84071      -0.610083
7.38043       -4.91448       -2.02066
-5.13773        14.4996       -2.66677
-13.9054        11.2286        1.84692
-1.65749       -11.4529         1.2881
-2.35266         15.788        2.17341
0.599261        13.4768       -1.15518
0.725446       -4.81018        2.01369
-5.27503       -1.68231      -0.730043
-3.37966        6.18794        -2.4286
-12.2952       -6.01994       0.998309
8.26554        15.2301        2.28797
9.81064       -7.16133        -1.7905
-13.2974       -5.32218        2.07132
12.1312       -14.8077        2.25342
14.1714       -1.78965         1.1517
13.0002        15.3471       -1.44852
-13.7471       -9.90865       -1.11131
5.35167       -1.23742        2.49459
-4.04375       -15.1519        1.81175
12.7141        12.4122       0.995686
11.1071        14.1841       -2.46852
15.4166         12.821       0.659761
-10.2369         14.212       -1.62357
9.98806       -14.7719        2.27167
1.06485       -12.7473       0.200549
-11.1032       -1.41311       0.510072
4.78956        10.5402        2.51421
8.16393        12.6138       0.818378
-11.9338       -7.21984      -0.070537
-9.55565       -5.00544       -1.46606
10.1065         -9.354         1.2587
-2.58546        13.1757       0.461821
-10.1331        2.45563      -0.935175
10.9034        9.92283      0.0745737
-2.30075       -3.15344        2.16428
-8.72769        11.4663      -0.391703
15.8929       -8.91258       -1.08958
-14.7499       -10.4917        2.25517
-11.5504       -4.19837        1.54558
-8.5253       -8.59461        -1.6471
-4.35868       -15.4956       0.829358
12.9645        0.68194      -0.271484
-11.6679       -9.77189        2.47649
-1.09723       0.096792      -0.973744
-6.23822       -9.70541        1.26721
15.4151       -3.80367       -2.32893
5.2924        1.95156        1.26608
7.67291       -7.44905      -0.941381
2.18046        5.43819       0.118086
-15.381        1.10055       -1.84684
-12.7751        12.9815        2.02127
13.7422         3.3749        -1.1681
9.48545       -14.8962      -0.728895
-9.95304        5.76243        1.80552
-8.80426       -12.4936        -2.6201
-13.9564        7.84315        1.19749
-1.19709       -8.77106        2.01902
7.21958        9.04131       0.922704
-10.6161        6.22581       0.814165
-10.8382        3.84808       0.732376
10.5616        10.3654        1.65821
4.29842        13.5137       0.532312
-10.1793       -7.78162       0.720277
7.9956       -3.63467       0.708238
13.4856        14.4311      -0.712087
-13.6716        12.5206       -2.05299
-3.96668       -3.08219        2.60109
-14.6516       -14.2167        1.19721
-0.969901       -6.23536       0.697841
-7.44697       -5.63321        1.99519
7.26405       -13.1825        1.65149
-2.27399        15.8889       -1.04638
-14.6202         6.3227        -1.4874
6.84592        1.69344        1.29325
-11.3132       -6.73519       -2.37419
-6.01155        12.6746       0.902311
-6.89012        14.2891      -0.994932
-11.4552        8.01736        2.61711
4.57207       -7.66635         2.6684
8.11087       -5.24132       0.771411
-10.4244       -13.4998        1.68002
-12.4847       -14.5354        1.06396
-8.3013        -3.8146        1.78267
4.9161         8.9804        2.03031
-8.38626        3.59067      -0.831968
0.627742        2.69561       -1.03258
8.11698       -11.5758      -0.368565
-0.576863        6.72465       0.620253
3.23439        4.07426       -2.53801
0.0928703       0.560657        1.83787
-10.9025        9.53103        1.36063
-14.6434      -0.266957       -1.95082
7.05688       -9.35349        2.11613
0.729288       -0.77609       -2.64109
-0.0896543        11.2323      -0.315093
3.56222       -15.4399        2.22992
15.1797        2.67104       0.626523
12.8891       -11.6073       -2.60243
6.49661        -5.9361           1.97
-9.41737       -1.23091        1.69806
9.12038        7.35057      -0.630125
14.4686        7.04791       0.819826
-0.527895       -3.34425        1.53839
7.68945       -1.96135       0.030164
-14.3777       -12.4639        2.06474
-4.60524        15.6097        2.36343
-16.1208      -0.940689       0.606006
4.70912       -13.6627       -2.59352
12.2312        6.51896      -0.376814
-7.61859        11.1947       -1.40993
15.2928       -6.29089        -1.6169
2.11289      -0.370441        1.20585
-12.7359        7.69139      -0.111163
-5.5578       -15.3161       0.942516
-3.45358        3.90662       0.821816
9.86038        14.3598      -0.336381
-15.9333         4.3864       -1.61362
8.67434       -9.76953       -2.45715
11.8313       -11.6852       -1.12611
-13.6998        3.87662        -2.2251
-15.0068       0.900006      -0.740492
-9.80766       -14.8421       -2.54702
2.83871       -12.5213       0.581197
1.30924       -2.32244       -2.09208
4.65622        1.21198       0.824558
-2.55365       -4.98066      -0.183845
15.0259       0.847058         -0.783
-10.2997       -14.7347      -0.304993
0.460175        4.83312     -0.0827016
-5.96675        4.99194        2.14139
4.72155       -9.97151          2.559
0.593149       -6.67555        2.50401
-7.87757       -11.9511       -1.09086
6.36316        3.51155       -1.84573
-2.22647      -0.738713        2.15572
10.9464        11.6236       -1.21819
5.54028        6.60219      -0.925371
3.35985        16.0982       -1.76966
-2.66129        9.64414       -0.79943
-5.90135        7.69554        1.00205
-0.0229411        8.93757        2.03073
12.3972       -6.26697        1.87534
11.3738       0.537604       0.149339
13.4666        12.8218       0.103919
-7.74218        5.77615       -1.48927
16.0309        11.4821       -2.51063
11.9446        7.18064       -1.22089
-11.8752        4.55239       0.616775
-12.623       -4.27039       -1.04719
4.97345        11.7879       -2.37047
3.16055        6.89488       -2.17018
-8.80298       0.452304       -0.29287
-7.04858       -2.16685       -0.47587
-3.41712       0.140379       0.642723
-6.78888      0.0511449      -0.521142
-4.62235        -6.4465       0.630495
-15.0785        4.76689        1.46216
-6.71203        8.89784       -1.18802
-6.01977        2.30553       0.383918
-11.2838        14.4406        1.74894
0.379368       -14.0679      -0.502725
8.6991        7.36891       -1.66029
6.30789        16.0215        1.60149
0.261473       -1.97423       0.119939
-0.608438       -11.3134        1.19329
-13.6756        5.89297       -1.86149
3.741       -3.51293       0.475972
12.9823         12.302       -2.55834
-6.1181       -11.7291       -2.40649
-9.87538        7.77823       -1.74597
-15.6077        11.2426       0.790087
-1.8062       -8.07788       -2.28574
3.48894        11.5703       -1.73048
-10.4668       -2.13969       -1.37813
-2.11746        7.27723       0.408794
-15.48         14.066       -1.39023
15.8146       -7.23789        1.63119
-13.4556        15.4796       -2.17423
-10.4356       -12.1573       0.740725
-5.04143       -8.21197       -1.01738
13.8477       -11.1232       -1.11812
7.37284        12.5862        -2.4369
-6.28919        6.36349       -2.20638
-6.98036        1.76667       -1.60026
-1.27971       -2.72809       0.408958
15.5219        -9.2851       0.835897
4.19162        4.52007        2.34872
-9.44041        12.1578       0.153062
16.1306        11.1733        2.01445
15.2531        -5.5678        0.31503
-4.65812        1.47143       -1.12031
8.94436       -15.2597        1.63462
11.9416        10.9972       -1.17447
-9.8293       -13.6156       -1.23231
-0.764524        6.56609        2.45207
-4.34038        5.20506       -1.81506
1.4962        14.1502       0.125152
11.1677        11.7596     -0.0211979
-4.93843        -6.6868       -2.37894
0.565873        8.07623       -1.55282
-5.83482        8.36067      -0.550888
-6.45106        11.6733       -1.38853
5.97805       -4.82135       -1.19616
9.68019       -6.74134       0.246636
-1.62574       -1.94577      -0.794961
11.0979       -7.99454       -1.33522
-1.11765       -4.65911        2.34563
-4.72148       0.117455        1.19089
-3.82419       -12.2167      0.0432075
-2.5316        -14.892      -0.889552
2.7741      -0.288887      -0.410084
-8.73337       -7.90378       0.780203
-12.4291        10.5607       -1.39439
-6.59026        3.96415        1.59042
13.3586        6.80902       -1.56608
11.0322        1.48925       -2.42574
-3.59322       -1.05494        1.30131
-13.5204       -15.5289       -1.37457
1.46807       -11.3727       0.553021
-12.4901       -10.3422        1.25955
5.75138        -9.1111      0.0692629
0.618952        6.11393       0.775421
8.37301       -2.43446        2.33901
-4.05334       -8.89427       -2.18836
-4.00063     -0.0615351        2.35062
-8.86612        5.80581       0.908709
12.6332       -16.1596        2.44909
2.91477        13.6884       0.582246
-1.00762       -2.52559        2.21113
-5.66291       -13.8981        2.46969
-7.2697         1.9825      -0.215175
12.2941        11.1753        1.77228
11.5985        -12.813      -0.879773
-13.9023        3.38414        2.22501
-10.8109        4.50927        1.77575
1.08933        3.82091       -0.34788
6.36744       -7.03886        1.55513
12.8266       -16.0015       -2.37063
0.247601       -3.13074       0.403541
1.00491        -13.118       -1.78024
-9.67645       -2.85215       -1.78877
13.2788       -7.86806        0.44192
0.131158         15.882       -1.53029
2.37211       -6.63465       -1.28232
-11.5945        3.24023         1.5266
0.920318        1.07484       -2.06623
5.65502       0.273007       -1.60662
7.39407       -2.68372       -1.35532
14.4363        5.62065      -0.467428
-8.65163       -6.15452       -1.17638
1.14404       -6.66219       0.393507
12.1871      -0.196935       -1.62016
10.9596        3.47758       -1.22652
1.64363        9.87349       -1.52225
-0.620491        12.4829      -0.491451
9.48076         -3.107      0.0218702
-7.503        9.73543       -2.39468
-4.79769       -6.39549        2.45016
-9.57515        12.1145        1.83728
7.92322        13.8716       -1.89361
-11.2753       -2.42469        1.38963
10.1337       -12.9822        2.33905
8.84566        11.0197        2.15671
5.73492       -11.1612       -2.39939
-8.05997        8.88647        2.18681
-12.9665       -16.0697        1.82717
-5.89545        15.5986        1.05252
12.3043        13.7683        -2.3224
15.6013        13.4629       -1.76471
8.21038        7.94868        1.68528
14.0193       -7.26411        2.07421
-3.42413       -13.3317        1.79954
-11.7945       -15.4444       -1.95853
-1.44216        -5.2301      -0.398491
-6.77582        4.19946       0.164041
14.0522       -13.7532       0.608062
-12.9334       -8.02596      -0.868602
-15.1949       -9.39474       -1.00636
-14.9827        10.4676        1.70865
-0.85218       -12.5398        1.93627
7.59646        3.39195       -1.12466
0.396322         -15.71        1.07291
-0.260907       -7.61411        1.95438
5.13108        5.49213        -1.0729
-8.66461        8.43775      0.0819806
-8.66562        3.38892         1.3091
15.125        11.3964      -0.850376
-9.81757       -15.0039        2.16358
-4.96849      0.0335918       -1.95531
5.84011        11.3418         1.8423
-1.07516        8.51924     -0.0756703
-12.7161        5.81258      0.0224824
6.48308        7.29662        1.05593
-11.5765       -11.9077   -0.000285733
-8.71466       -5.88713       0.420413
-16.1489      0.0979775      -0.402402
-15.618        2.07157       -1.23667
11.6557       -10.1748        1.43138
6.45635        3.90155       -0.12703
7.94834      -0.740313      -0.169597
2.68069       -8.44017        2.21784
-10.6965        6.78833       -2.20946
14.4018        8.08269       -2.42291
-12.5915       -8.91268       0.578363
7.62952        5.70556       -1.69038
11.1724       -4.28252      -0.267192
13.7698        9.16515        1.33324
-10.7606       -10.4254       0.766413
-10.9066        5.83796      -0.943922
12.7775        2.33505      -0.390854
-8.41946        14.0752       -1.66199
7.47805        15.9404       0.755458
2.01977        9.48642        1.95795
-11.6194        8.00556        1.10145
-6.03032       -13.0492      -0.549087
8.50866        10.2444       -1.72302
-14.9799       -15.9322        1.86841
-3.35265         13.566      -0.990855
-0.785695        10.0969       0.749455
-8.95415       -12.6243      -0.904673
3.44244       -9.89333       -1.50209
-12.2531        2.83028       -1.09667
-8.29878       -1.49957        2.30822
-3.14743       -9.54381      -0.673717
-3.6942        6.15492        1.89365
11.2851        5.06309       0.462222
3.64821        7.00758      -0.436269
-10.0342        14.5295       0.945967
5.71608        11.2451     -0.0761719
-10.8205       -13.9883       0.601969
-7.92668        2.60471       -2.42525
7.11945       -14.8468       -1.90677
-14.8346        9.76708       -1.87826
-14.1697        10.4515       0.121934
2.94641       -13.5937        1.45524
15.7052        3.37937       -1.18695
-14.5215        8.82594        1.81146
-14.9712        2.26192        1.42068
-14.1242       -6.50448       -2.18691
-11.4462        7.39666      -0.780112
-13.7863       0.566224       -2.35013
9.94414        7.15922         2.2886
-10.4583       -9.08485       -1.60127
4.63766       -13.5391         2.1178
2.67163       -1.14731       -1.54671
-3.12021        14.9753        1.10534
-9.23258        8.23896        1.67941
4.1114        2.16561       -1.52109
2.38859        12.3499       -1.00768
4.91563        8.26003        0.35703
13.9342        13.8377        1.60204
1.72589        11.4208       0.774493
13.5783        2.65941        1.58622
-14.0669       -8.45867       -2.22578
-7.26124       -7.97486       -2.49044
10.3272       -13.3619       -2.22078
-6.44251        14.9181        2.24565
12.4407          13.55       0.718998
3.77911        8.15001       -1.67771
-15.4888       -7.33397        0.25024
9.6463        15.3933       0.396326
1.64496        2.66434        1.37749
-8.31393       -10.0945       -2.01919
-16.0835        1.09363        1.70183
-13.128       -14.4832      -0.214395
-7.2924        8.32064      -0.309956
8.13067        1.41866        1.58863
1.70998       -14.2111      -0.840785
-0.115985        -10.603        2.04313
4.1189        13.4433       -1.47342
7.57062        -5.2942         1.7485
-4.32624        0.34367       -0.42821
-8.28678       -10.0011       0.645275
0.563023       -13.3266        1.66465
8.73287       -8.55562       -1.41726
-14.9725       -8.63739         2.3806
-7.26309       -14.3146      -0.433582
12.2732       -5.91194      -0.961484
2.80597        4.54208        1.43751
-4.26249       -3.69385       -1.80167
-4.94232        6.08916      -0.647407
14.0677       -4.68634        1.74087
14.8464       -10.9754      -0.216272
-11.6754        -3.6956       -2.45813
13.6251        -7.5265       -0.96412
-6.16029       -8.73037        2.10837
-16.1305       -12.3117     -0.0371148
-10.1603       0.139466      -0.276243
-10.244       -4.29301      -0.751725
-13.9529       -1.32991       -2.22898
-9.38334      -0.973983       -1.96716
6.52703        4.87329        1.14076
-13.1998        9.00951        1.74548
0.392832      -0.674747        1.59638
-3.27507        5.04018      -0.363563
-15.8115       -3.48691       -2.13839
-7.35698       -4.23211      -0.164597
0.00282943       -1.50868       -1.52171
-15.8552     -0.0957043       -2.40408
15.3601       -4.77141       -1.31368
2.24093       -7.47225       0.959869
-14.9538       -11.0978       0.596105
4.02566       -5.48849       -0.33338
