-1.48214              0
-1.44643              0
-1.41071              0
-1.375              0
-1.33929              0
-1.30357              0
-1.26786              0
-1.23214              0
-1.19643              0
-1.16071       0.122774
-1.143        0.51063
-1.125        1.04637
-1.08929        1.11613
-1.05357        1.13566
-1.01786        1.03242
-0.982143        1.02963
-0.946429       0.962663
-0.910714       0.834308
-0.875       0.873372
-0.839286       0.795243
-0.803571       0.711533
-0.767857       0.636195
-0.732143        0.68642
-0.696429       0.638985
-0.660714       0.672469
-0.625       0.675259
-0.589286       0.672469
-0.553571        0.59434
-0.517857       0.692001
-0.482143       0.619453
-0.446429       0.708743
-0.410714       0.739437
-0.375       0.650146
-0.339286       0.563646
-0.303571       0.583178
-0.267857       0.719904
-0.232143       0.647356
-0.196429        0.59434
-0.160714       0.591549
-0.125       0.616662
-0.0892857       0.633404
-0.0535714       0.625033
-0.0178571       0.675259
0.0178571       0.625033
0.0535714       0.647356
0.0892857       0.650146
0.125       0.669678
0.160714       0.583178
0.196429       0.722695
0.232143       0.778501
0.267857       0.708743
0.303571       0.703162
0.339286       0.638985
0.375       0.563646
0.410714       0.563646
0.446429       0.672469
0.482143       0.585969
0.517857       0.613872
0.553571       0.527372
0.589286       0.613872
0.625       0.552485
0.660714       0.566436
0.696429        0.59434
0.732143       0.625033
0.767857       0.689211
0.803571       0.731066
0.839286       0.733856
0.875       0.862211
0.910714       0.867792
0.946429       0.884534
0.982143        1.06311
1.01786        1.03242
1.05357        1.11055
1.08929        1.25844
1.125        1.04079
1.143       0.583178
1.16071        0.17021
1.19643              0
1.23214              0
1.26786              0
1.30357              0
1.33929              0
1.375              0
1.41071              0
1.44643              0
1.48214              0
