-1.48214              0
-1.44643              0
-1.41071              0
-1.375              0
-1.33929              0
-1.30357              0
-1.26786              0
-1.23214              0
-1.19643              0
-1.16071      0.0720412
-1.143        0.63036
-1.125        1.08062
-1.08929        1.36878
-1.05357        1.20669
-1.01786        1.11664
-0.982143        1.15266
-0.946429       0.756432
-0.910714       0.720412
-0.875       0.864494
-0.839286       0.990566
-0.803571       0.684391
-0.767857       0.792453
-0.732143       0.882504
-0.696429       0.792453
-0.660714       0.810463
-0.625        0.59434
-0.589286       0.576329
-0.553571       0.468268
-0.517857       0.522298
-0.482143        0.59434
-0.446429       0.756432
-0.410714       0.522298
-0.375        0.61235
-0.339286        0.63036
-0.303571       0.702401
-0.267857       0.792453
-0.232143       0.756432
-0.196429       0.540309
-0.160714       0.666381
-0.125        0.64837
-0.0892857       0.684391
-0.0535714       0.540309
-0.0178571       0.702401
0.0178571       0.810463
0.0535714       0.756432
0.0892857       0.684391
0.125       0.504288
0.160714       0.504288
0.196429        0.63036
0.232143       0.792453
0.267857       0.540309
0.303571       0.702401
0.339286       0.756432
0.375       0.558319
0.410714       0.684391
0.446429       0.792453
0.482143        0.59434
0.517857       0.432247
0.553571       0.540309
0.589286       0.666381
0.625       0.540309
0.660714        0.61235
0.696429       0.468268
0.732143       0.774443
0.767857        0.64837
0.803571       0.702401
0.839286       0.702401
0.875       0.720412
0.910714       0.666381
0.946429        0.61235
0.982143        1.09863
1.01786       0.900515
1.05357        1.06261
1.08929        1.02659
1.125        1.17067
1.143       0.756432
1.16071       0.288165
1.19643              0
1.23214              0
1.26786              0
1.30357              0
1.33929              0
1.375              0
1.41071              0
1.44643              0
1.48214              0
