-1.48214              0
-1.44643              0
-1.41071              0
-1.375              0
-1.33929              0
-1.30357              0
-1.26786              0
-1.23214              0
-1.19643              0
-1.16071       0.167037
-1.143       0.571032
-1.125       0.955605
-1.08929        1.17703
-1.05357        1.12653
-1.01786        1.04883
-0.982143        1.06049
-0.946429       0.998335
-0.910714       0.897336
-0.875       0.912875
-0.839286       0.916759
-0.803571       0.710877
-0.767857       0.660377
-0.732143       0.710877
-0.696429       0.769145
-0.660714       0.652608
-0.625       0.633185
-0.589286       0.613762
-0.553571       0.528302
-0.517857       0.574917
-0.482143        0.58657
-0.446429       0.664262
-0.410714       0.625416
-0.375       0.668147
-0.339286       0.652608
-0.303571       0.656493
-0.267857       0.605993
-0.232143        0.54384
-0.196429       0.567148
-0.160714       0.582686
-0.125       0.629301
-0.0892857       0.691454
-0.0535714       0.613762
-0.0178571        0.59434
0.0178571       0.753607
0.0535714       0.660377
0.0892857       0.625416
0.125       0.633185
0.160714       0.551609
0.196429       0.617647
0.232143       0.648724
0.267857       0.609878
0.303571       0.602109
0.339286       0.598224
0.375       0.571032
0.410714       0.555494
0.446429       0.621532
0.482143       0.660377
0.517857       0.567148
0.553571       0.563263
0.589286       0.567148
0.625        0.59434
0.660714         0.6798
0.696429       0.508879
0.732143       0.784684
0.767857       0.640954
0.803571       0.784684
0.839286        0.77303
0.875       0.839068
0.910714       0.850721
0.946429       0.932297
0.982143         1.0566
1.01786        1.13041
1.05357        1.26249
1.08929        1.26249
1.125        1.04107
1.143       0.625416
1.16071       0.201998
1.19643              0
1.23214              0
1.26786              0
1.30357              0
1.33929              0
1.375              0
1.41071              0
1.44643              0
1.48214              0
