-1.48214              0
-1.44643              0
-1.41071              0
-1.375              0
-1.33929              0
-1.30357              0
-1.26786              0
-1.23214              0
-1.19643              0
-1.16071       0.140596
-1.143        0.51126
-1.125       0.958612
-1.08929        1.15673
-1.05357        1.09921
-1.01786        1.16312
-0.982143        1.02252
-0.946429        1.02252
-0.910714       0.818016
-0.875       0.926659
-0.839286       0.996957
-0.803571       0.818016
-0.767857       0.651856
-0.732143       0.792453
-0.696429       0.869142
-0.660714       0.779671
-0.625       0.722155
-0.589286        0.59434
-0.553571       0.607121
-0.517857       0.671029
-0.482143       0.626293
-0.446429       0.639075
-0.410714       0.645466
-0.375       0.568777
-0.339286       0.645466
-0.303571       0.645466
-0.267857       0.677419
-0.232143       0.619903
-0.196429       0.504869
-0.160714       0.607121
-0.125       0.696592
-0.0892857       0.734936
-0.0535714        0.59434
-0.0178571       0.805234
0.0178571       0.734936
0.0535714       0.671029
0.0892857       0.524041
0.125       0.626293
0.160714       0.530432
0.196429       0.575167
0.232143       0.581558
0.267857       0.472915
0.303571       0.543214
0.339286       0.607121
0.375       0.472915
0.410714       0.639075
0.446429       0.607121
0.482143       0.581558
0.517857        0.60073
0.553571       0.466525
0.589286       0.645466
0.625       0.651856
0.660714       0.587949
0.696429       0.619903
0.732143       0.702982
0.767857       0.805234
0.803571       0.760499
0.839286       0.786062
0.875       0.715764
0.910714       0.773281
0.946429       0.818016
0.982143        1.02252
1.01786       0.990566
1.05357        1.05447
1.08929        1.28454
1.125        1.08643
1.143       0.690201
1.16071       0.185332
1.19643              0
1.23214              0
1.26786              0
1.30357              0
1.33929              0
1.375              0
1.41071              0
1.44643              0
1.48214              0
