-1.48214              0
-1.44643              0
-1.41071              0
-1.375              0
-1.33929              0
-1.30357              0
-1.26786              0
-1.23214              0
-1.19643              0
-1.16071       0.130624
-1.143       0.544267
-1.125       0.981858
-1.08929        1.15167
-1.05357         1.1016
-1.01786        1.00581
-0.982143       0.984035
-0.946429       0.962264
-0.910714       0.907837
-0.875       0.918723
-0.839286       0.781567
-0.803571       0.777213
-0.767857       0.807692
-0.732143        0.70537
-0.696429        0.63135
-0.660714       0.694485
-0.625       0.648766
-0.589286       0.613933
-0.553571       0.535559
-0.517857       0.605225
-0.482143       0.574746
-0.446429       0.644412
-0.410714       0.574746
-0.375       0.613933
-0.339286       0.644412
-0.303571       0.566038
-0.267857       0.692308
-0.232143       0.735849
-0.196429       0.664006
-0.160714       0.622642
-0.125       0.659652
-0.0892857       0.694485
-0.0535714        0.63135
-0.0178571       0.646589
0.0178571       0.620464
0.0535714       0.659652
0.0892857       0.622642
0.125       0.574746
0.160714       0.637881
0.196429        0.63135
0.232143       0.729318
0.267857       0.568215
0.303571        0.61611
0.339286       0.605225
0.375        0.50508
0.410714       0.518142
0.446429       0.563861
0.482143       0.559507
0.517857       0.587808
0.553571       0.603048
0.589286       0.633527
0.625       0.581277
0.660714        0.61611
0.696429       0.642235
0.732143       0.666183
0.767857       0.753266
0.803571       0.859942
0.839286       0.801161
0.875       0.829463
0.910714       0.986212
0.946429       0.938316
0.982143        1.09289
1.01786        1.05588
1.05357        1.13208
1.08929        1.22569
1.125        1.07112
1.143       0.561684
1.16071       0.148041
1.19643              0
1.23214              0
1.26786              0
1.30357              0
1.33929              0
1.375              0
1.41071              0
1.44643              0
1.48214              0
