-1.48214              0
-1.44643              0
-1.41071              0
-1.375              0
-1.33929              0
-1.30357              0
-1.26786              0
-1.23214              0
-1.19643              0
-1.16071       0.113672
-1.143       0.526137
-1.125        1.05552
-1.08929        1.16919
-1.05357        1.11073
-1.01786         1.0068
-0.982143        1.04578
-0.946429       0.980823
-0.910714       0.802196
-0.875       0.860656
-0.839286        0.75348
-0.803571       0.704763
-0.767857       0.662543
-0.732143       0.708011
-0.696429       0.682029
-0.660714       0.698268
-0.625       0.685277
-0.589286       0.701516
-0.553571       0.584596
-0.517857       0.701516
-0.482143       0.610578
-0.446429       0.730745
-0.410714       0.730745
-0.375        0.66579
-0.339286       0.571605
-0.303571       0.591092
-0.267857       0.727498
-0.232143       0.682029
-0.196429       0.600835
-0.160714        0.59434
-0.125       0.643056
-0.0892857       0.646304
-0.0535714       0.620322
-0.0178571       0.698268
0.0178571       0.620322
0.0535714       0.597587
0.0892857       0.613826
0.125       0.620322
0.160714       0.555367
0.196429       0.688525
0.232143        0.75348
0.267857       0.639808
0.303571       0.649552
0.339286       0.597587
0.375       0.558614
0.410714       0.584596
0.446429       0.675534
0.482143       0.587844
0.517857       0.607331
0.553571       0.552119
0.589286       0.597587
0.625       0.578101
0.660714       0.584596
0.696429       0.620322
0.732143       0.669038
0.767857       0.685277
0.803571       0.743736
0.839286       0.759975
0.875       0.886638
0.910714       0.876895
0.946429       0.906124
0.982143        1.02304
1.01786         1.0198
1.05357        1.09449
1.08929         1.2244
1.125        1.05227
1.143       0.591092
1.16071       0.181874
1.19643              0
1.23214              0
1.26786              0
1.30357              0
1.33929              0
1.375              0
1.41071              0
1.44643              0
1.48214              0
