-1.48214              0
-1.44643              0
-1.41071              0
-1.375              0
-1.33929              0
-1.30357              0
-1.26786              0
-1.23214              0
-1.19643              0
-1.16071       0.122642
-1.143       0.556604
-1.125        1.03774
-1.08929        1.30189
-1.05357        1.15094
-1.01786        1.06604
-0.982143        1.10377
-0.946429       0.981132
-0.910714       0.811321
-0.875       0.820755
-0.839286       0.867925
-0.803571       0.830189
-0.767857       0.811321
-0.732143       0.792453
-0.696429       0.707547
-0.660714       0.726415
-0.625       0.518868
-0.589286       0.622642
-0.553571        0.54717
-0.517857       0.566038
-0.482143       0.660377
-0.446429       0.735849
-0.410714       0.716981
-0.375       0.556604
-0.339286        0.54717
-0.303571       0.650943
-0.267857       0.726415
-0.232143       0.660377
-0.196429       0.556604
-0.160714       0.528302
-0.125       0.613208
-0.0892857       0.632075
-0.0535714       0.613208
-0.0178571       0.754717
0.0178571       0.707547
0.0535714       0.650943
0.0892857       0.745283
0.125       0.641509
0.160714       0.528302
0.196429       0.632075
0.232143       0.801887
0.267857       0.584906
0.303571       0.707547
0.339286       0.650943
0.375       0.528302
0.410714        0.59434
0.446429       0.726415
0.482143       0.528302
0.517857       0.528302
0.553571       0.490566
0.589286        0.59434
0.625            0.5
0.660714            0.5
0.696429       0.641509
0.732143       0.688679
0.767857       0.669811
0.803571       0.839623
0.839286       0.764151
0.875        0.90566
0.910714       0.650943
0.946429       0.820755
0.982143        1.01887
1.01786        1.03774
1.05357       0.971698
1.08929        1.24528
1.125        1.12264
1.143       0.660377
1.16071       0.188679
1.19643              0
1.23214              0
1.26786              0
1.30357              0
1.33929              0
1.375              0
1.41071              0
1.44643              0
1.48214              0
