-1.48214              0
-1.44643              0
-1.41071              0
-1.375              0
-1.33929              0
-1.30357              0
-1.26786              0
-1.23214              0
-1.19643              0
-1.16071      0.0805515
-1.143       0.333091
-1.125        0.70537
-1.08929       0.903483
-1.05357       0.840348
-1.01786       0.820755
-0.982143       0.805515
-0.946429       0.648766
-0.910714       0.711901
-0.875       0.683599
-0.839286       0.657475
-0.803571       0.687954
-0.767857       0.522496
-0.732143       0.620464
-0.696429       0.535559
-0.660714       0.570392
-0.625       0.537736
-0.589286        0.61611
-0.553571       0.559507
-0.517857       0.622642
-0.482143       0.574746
-0.446429       0.546444
-0.410714       0.618287
-0.375       0.613933
-0.339286       0.650943
-0.303571       0.583454
-0.267857       0.603048
-0.232143        0.59434
-0.196429       0.609579
-0.160714       0.650943
-0.125       0.603048
-0.0892857       0.626996
-0.0535714       0.609579
-0.0178571       0.679245
0.0178571       0.620464
0.0535714       0.657475
0.0892857       0.635704
0.125       0.709724
0.160714       0.659652
0.196429       0.692308
0.232143       0.698839
0.267857       0.768505
0.303571       0.696662
0.339286       0.683599
0.375       0.605225
0.410714        0.63135
0.446429       0.555152
0.482143       0.563861
0.517857       0.535559
0.553571       0.552975
0.589286       0.520319
0.625       0.487663
0.660714       0.589985
0.696429       0.566038
0.732143       0.572569
0.767857       0.587808
0.803571       0.618287
0.839286        0.63135
0.875       0.714078
0.910714       0.711901
0.946429        0.77939
0.982143       0.886067
1.01786       0.809869
1.05357       0.877358
1.08929       0.838171
1.125       0.759797
1.143       0.357039
1.16071      0.0870827
1.19643              0
1.23214              0
1.26786              0
1.30357              0
1.33929              0
1.375              0
1.41071              0
1.44643              0
1.48214              0
