-1.48214              0
-1.44643              0
-1.41071              0
-1.375              0
-1.33929              0
-1.30357              0
-1.26786              0
-1.23214              0
-1.19643              0
-1.16071       0.103774
-1.143       0.292453
-1.125        0.59434
-1.08929       0.783019
-1.05357       0.754717
-1.01786       0.726415
-0.982143       0.943396
-0.946429       0.820755
-0.910714       0.764151
-0.875       0.820755
-0.839286       0.764151
-0.803571        0.54717
-0.767857       0.443396
-0.732143       0.603774
-0.696429       0.632075
-0.660714       0.632075
-0.625       0.698113
-0.589286       0.566038
-0.553571       0.669811
-0.517857       0.613208
-0.482143       0.556604
-0.446429       0.556604
-0.410714       0.688679
-0.375       0.632075
-0.339286       0.632075
-0.303571       0.650943
-0.267857       0.622642
-0.232143       0.754717
-0.196429       0.509434
-0.160714       0.566038
-0.125       0.518868
-0.0892857       0.622642
-0.0535714       0.556604
-0.0178571       0.745283
0.0178571       0.462264
0.0535714       0.764151
0.0892857       0.735849
0.125       0.745283
0.160714       0.726415
0.196429       0.764151
0.232143       0.735849
0.267857       0.773585
0.303571       0.726415
0.339286       0.632075
0.375       0.707547
0.410714       0.566038
0.446429       0.509434
0.482143       0.396226
0.517857        0.40566
0.553571       0.424528
0.589286       0.443396
0.625       0.566038
0.660714       0.509434
0.696429       0.518868
0.732143       0.481132
0.767857       0.575472
0.803571       0.669811
0.839286            0.5
0.875       0.820755
0.910714       0.632075
0.946429       0.679245
0.982143       0.839623
1.01786       0.669811
1.05357       0.971698
1.08929       0.981132
1.125       0.839623
1.143            0.5
1.16071       0.132075
1.19643              0
1.23214              0
1.26786              0
1.30357              0
1.33929              0
1.375              0
1.41071              0
1.44643              0
1.48214              0
