-1.48214              0
-1.44643              0
-1.41071              0
-1.375              0
-1.33929              0
-1.30357              0
-1.26786              0
-1.23214              0
-1.19643              0
-1.16071      0.0958612
-1.143        0.33871
-1.125       0.677419
-1.08929       0.920268
-1.05357       0.754108
-1.01786       0.754108
-0.982143       0.888314
-0.946429       0.805234
-0.910714       0.747718
-0.875       0.786062
-0.839286        0.76689
-0.803571        0.59434
-0.767857       0.504869
-0.732143       0.607121
-0.696429       0.562386
-0.660714        0.60073
-0.625       0.619903
-0.589286       0.524041
-0.553571       0.639075
-0.517857       0.543214
-0.482143       0.498478
-0.446429       0.530432
-0.410714        0.59434
-0.375       0.613512
-0.339286       0.587949
-0.303571        0.60073
-0.267857       0.651856
-0.232143        0.68381
-0.196429       0.536823
-0.160714       0.555995
-0.125       0.613512
-0.0892857       0.690201
-0.0535714       0.607121
-0.0178571       0.747718
0.0178571       0.485697
0.0535714       0.754108
0.0892857       0.696592
0.125       0.664638
0.160714       0.671029
0.196429       0.728545
0.232143       0.696592
0.267857       0.696592
0.303571       0.709373
0.339286       0.671029
0.375        0.76689
0.410714       0.587949
0.446429        0.59434
0.482143       0.568777
0.517857       0.536823
0.553571        0.51126
0.589286       0.524041
0.625       0.613512
0.660714       0.549604
0.696429       0.581558
0.732143       0.581558
0.767857       0.549604
0.803571       0.702982
0.839286       0.549604
0.875       0.728545
0.910714       0.607121
0.946429       0.658247
0.982143       0.811625
1.01786       0.658247
1.05357       0.888314
1.08929       0.888314
1.125       0.747718
1.143        0.42818
1.16071       0.115033
1.19643              0
1.23214              0
1.26786              0
1.30357              0
1.33929              0
1.375              0
1.41071              0
1.44643              0
1.48214              0
