-1.48214              0
-1.44643              0
-1.41071              0
-1.375              0
-1.33929              0
-1.30357              0
-1.26786              0
-1.23214              0
-1.19643              0
-1.16071      0.0621532
-1.143       0.337958
-1.125       0.691454
-1.08929       0.831299
-1.05357       0.738069
-1.01786       0.804107
-0.982143       0.862375
-0.946429       0.691454
-0.910714       0.757492
-0.875       0.722531
-0.839286       0.656493
-0.803571       0.703108
-0.767857       0.504994
-0.732143       0.598224
-0.696429       0.520533
-0.660714       0.609878
-0.625       0.516648
-0.589286       0.582686
-0.553571        0.58657
-0.517857       0.605993
-0.482143       0.555494
-0.446429       0.563263
-0.410714         0.6798
-0.375       0.633185
-0.339286       0.710877
-0.303571       0.675916
-0.267857       0.644839
-0.232143       0.613762
-0.196429       0.625416
-0.160714       0.582686
-0.125       0.602109
-0.0892857       0.683685
-0.0535714        0.58657
-0.0178571         0.7303
0.0178571       0.687569
0.0535714       0.722531
0.0892857       0.718646
0.125       0.749723
0.160714       0.738069
0.196429       0.699223
0.232143       0.695339
0.267857       0.695339
0.303571       0.738069
0.339286       0.706992
0.375       0.602109
0.410714       0.578801
0.446429       0.578801
0.482143       0.512764
0.517857       0.493341
0.553571       0.567148
0.589286       0.493341
0.625        0.45061
0.660714       0.532186
0.696429        0.50111
0.732143        0.54384
0.767857       0.598224
0.803571       0.602109
0.839286       0.617647
0.875       0.629301
0.910714       0.699223
0.946429       0.749723
0.982143       0.819645
1.01786       0.741953
1.05357       0.905105
1.08929       0.839068
1.125       0.757492
1.143       0.380688
1.16071       0.100999
1.19643              0
1.23214              0
1.26786              0
1.30357              0
1.33929              0
1.375              0
1.41071              0
1.44643              0
1.48214              0
