-1.48214              0
-1.44643              0
-1.41071              0
-1.375              0
-1.33929              0
-1.30357              0
-1.26786              0
-1.23214              0
-1.19643              0
-1.16071       0.102725
-1.143        0.34731
-1.125       0.648148
-1.08929       0.892732
-1.05357       0.860936
-1.01786       0.826695
-0.982143        0.90007
-0.946429       0.816911
-0.910714       0.755765
-0.875       0.672607
-0.839286       0.604123
-0.803571        0.62369
-0.767857       0.560098
-0.732143        0.49406
-0.696429        0.55276
-0.660714       0.447589
-0.625       0.481831
-0.589286       0.574773
-0.553571       0.545423
-0.517857       0.604123
-0.482143       0.545423
-0.446429       0.540531
-0.410714       0.599231
-0.375        0.56499
-0.339286       0.631027
-0.303571       0.540531
-0.267857       0.631027
-0.232143       0.606569
-0.196429       0.574773
-0.160714       0.650594
-0.125       0.611461
-0.0892857       0.643256
-0.0535714       0.591894
-0.0178571       0.631027
0.0178571       0.679944
0.0535714       0.716632
0.0892857        0.74109
0.125       0.701957
0.160714       0.704403
0.196429       0.785115
0.232143       0.765549
0.267857       0.679944
0.303571       0.672607
0.339286       0.672607
0.375       0.672607
0.410714       0.569881
0.446429       0.601677
0.482143       0.613906
0.517857       0.454927
0.553571       0.540531
0.589286       0.520964
0.625       0.550314
0.660714       0.540531
0.696429       0.601677
0.732143       0.518519
0.767857       0.525856
0.803571        0.59434
0.839286       0.731307
0.875        0.68239
0.910714       0.694619
0.946429       0.860936
0.982143       0.807128
1.01786       0.792453
1.05357       0.856045
1.08929       0.944095
1.125       0.763103
1.143       0.393781
1.16071       0.114955
1.19643              0
1.23214              0
1.26786              0
1.30357              0
1.33929              0
1.375              0
1.41071              0
1.44643              0
1.48214              0
