-1.48214              0
-1.44643              0
-1.41071              0
-1.375              0
-1.33929              0
-1.30357              0
-1.26786              0
-1.23214              0
-1.19643              0
-1.16071      0.0531523
-1.143       0.318914
-1.125       0.647492
-1.08929       0.792453
-1.05357       0.734468
-1.01786       0.850437
-0.982143       0.753797
-0.946429       0.763461
-0.910714       0.700644
-0.875       0.787621
-0.839286       0.637828
-0.803571       0.613668
-0.767857       0.517027
-0.732143        0.59434
-0.696429       0.478371
-0.660714       0.555683
-0.625       0.546019
-0.589286       0.604004
-0.553571       0.608836
-0.517857       0.608836
-0.482143       0.579844
-0.446429       0.579844
-0.410714       0.657156
-0.375       0.681316
-0.339286       0.719972
-0.303571       0.695812
-0.267857       0.628164
-0.232143       0.719972
-0.196429       0.570179
-0.160714       0.599172
-0.125       0.700644
-0.0892857        0.59434
-0.0535714        0.66682
-0.0178571       0.695812
0.0178571       0.628164
0.0535714       0.647492
0.0892857       0.657156
0.125       0.710308
0.160714       0.729636
0.196429       0.753797
0.232143       0.599172
0.267857       0.623332
0.303571        0.69098
0.339286       0.521859
0.375       0.710308
0.410714       0.584676
0.446429       0.584676
0.482143       0.512195
0.517857       0.468707
0.553571       0.420387
0.589286       0.521859
0.625       0.454211
0.660714       0.492867
0.696429       0.536355
0.732143       0.497699
0.767857       0.579844
0.803571       0.599172
0.839286       0.695812
0.875       0.686148
0.910714       0.739301
0.946429       0.884261
0.982143       0.773125
1.01786       0.855269
1.05357        0.95191
1.08929        1.03889
1.125       0.792453
1.143       0.444547
1.16071       0.120801
1.19643              0
1.23214              0
1.26786              0
1.30357              0
1.33929              0
1.375              0
1.41071              0
1.44643              0
1.48214              0
