-1.48214              0
-1.44643              0
-1.41071              0
-1.375              0
-1.33929              0
-1.30357              0
-1.26786              0
-1.23214              0
-1.19643              0
-1.16071       0.106032
-1.143       0.348791
-1.125       0.650146
-1.08929       0.915227
-1.05357       0.837098
-1.01786       0.845469
-0.982143       0.895695
-0.946429       0.792453
-0.910714       0.756179
-0.875       0.666888
-0.839286       0.622243
-0.803571       0.647356
-0.767857       0.560856
-0.732143       0.505049
-0.696429       0.524581
-0.660714       0.446452
-0.625       0.465985
-0.589286       0.577598
-0.553571       0.530162
-0.517857       0.608291
-0.482143       0.530162
-0.446429       0.538533
-0.410714       0.572017
-0.375       0.535743
-0.339286       0.622243
-0.303571       0.544114
-0.267857       0.613872
-0.232143       0.608291
-0.196429       0.574807
-0.160714       0.661307
-0.125       0.619453
-0.0892857       0.625033
-0.0535714       0.611082
-0.0178571       0.619453
0.0178571       0.689211
0.0535714       0.742227
0.0892857       0.711533
0.125       0.717114
0.160714       0.722695
0.196429       0.817566
0.232143        0.76455
0.267857       0.672469
0.303571       0.675259
0.339286        0.68363
0.375        0.68642
0.410714       0.569227
0.446429       0.602711
0.482143       0.611082
0.517857       0.485517
0.553571       0.549694
0.589286       0.546904
0.625       0.572017
0.660714        0.51342
0.696429       0.572017
0.732143       0.532952
0.767857       0.538533
0.803571       0.566436
0.839286       0.739437
0.875       0.689211
0.910714       0.708743
0.946429       0.859421
0.982143       0.772921
1.01786       0.798033
1.05357        0.85384
1.08929       0.945921
1.125       0.731066
1.143       0.390646
1.16071       0.128355
1.19643              0
1.23214              0
1.26786              0
1.30357              0
1.33929              0
1.375              0
1.41071              0
1.44643              0
1.48214              0
