-1.48214              0
-1.44643              0
-1.41071              0
-1.375              0
-1.33929              0
-1.30357              0
-1.26786              0
-1.23214              0
-1.19643              0
-1.16071      0.0902298
-1.143       0.415842
-1.125       0.796376
-1.08929        1.07491
-1.05357       0.947413
-1.01786       0.855221
-0.982143       0.821876
-0.946429       0.731646
-0.910714       0.784607
-0.875        0.73753
-0.839286       0.613955
-0.803571        0.65907
-0.767857        0.59434
-0.732143       0.617878
-0.696429       0.606109
-0.660714       0.566878
-0.625        0.50411
-0.589286       0.570801
-0.553571        0.54334
-0.517857       0.551186
-0.482143       0.576686
-0.446429        0.56884
-0.410714       0.560994
-0.375       0.574724
-0.339286       0.551186
-0.303571       0.600224
-0.267857       0.566878
-0.232143       0.600224
-0.196429       0.549225
-0.160714       0.590417
-0.125       0.547263
-0.0892857       0.521763
-0.0535714       0.611993
-0.0178571       0.606109
0.0178571       0.700262
0.0535714       0.639455
0.0892857       0.651224
0.125       0.661031
0.160714       0.588455
0.196429       0.702223
0.232143       0.680646
0.267857       0.696339
0.303571       0.586494
0.339286       0.572763
0.375       0.531571
0.410714       0.572763
0.446429        0.51784
0.482143       0.535494
0.517857       0.557071
0.553571        0.59434
0.589286       0.496264
0.625       0.578647
0.660714        0.54334
0.696429       0.635531
0.732143       0.611993
0.767857       0.645339
0.803571       0.598263
0.839286       0.743415
0.875       0.735569
0.910714       0.749299
0.946429       0.776761
0.982143       0.790491
1.01786       0.808145
1.05357       0.921913
1.08929        1.03764
1.125       0.743415
1.143       0.390342
1.16071       0.101999
1.19643              0
1.23214              0
1.26786              0
1.30357              0
1.33929              0
1.375              0
1.41071              0
1.44643              0
1.48214              0
