-1.48214              0
-1.44643              0
-1.41071              0
-1.375              0
-1.33929              0
-1.30357              0
-1.26786              0
-1.23214              0
-1.19643              0
-1.16071       0.108332
-1.143       0.401173
-1.125       0.782312
-1.08929       0.971521
-1.05357        0.90029
-1.01786       0.852802
-0.982143       0.798141
-0.946429        0.78157
-0.910714        0.74175
-0.875       0.689315
-0.839286       0.642817
-0.803571       0.628966
-0.767857       0.615363
-0.732143       0.614374
-0.696429       0.577768
-0.660714       0.574058
-0.625       0.594587
-0.589286       0.566391
-0.553571       0.552046
-0.517857        0.55625
-0.482143       0.562681
-0.446429       0.587662
-0.410714       0.576532
-0.375       0.601018
-0.339286       0.613879
-0.303571       0.618331
-0.267857       0.626245
-0.232143       0.619815
-0.196429       0.640096
-0.160714       0.591124
-0.125       0.579252
-0.0892857       0.583704
-0.0535714       0.592361
-0.0178571       0.620804
0.0178571       0.563176
0.0535714       0.585683
0.0892857       0.579005
0.125       0.583457
0.160714       0.601265
0.196429       0.598297
0.232143       0.618578
0.267857        0.59335
0.303571       0.596813
0.339286        0.58692
0.375        0.61289
0.410714       0.600028
0.446429       0.593598
0.482143       0.568122
0.517857       0.565402
0.553571       0.562681
0.589286       0.556498
0.625       0.577521
0.660714       0.560455
0.696429       0.580242
0.732143       0.583457
0.767857       0.633665
0.803571       0.638612
0.839286       0.666808
0.875       0.701682
0.910714       0.753127
0.946429       0.795668
0.982143       0.842661
1.01786       0.886192
1.05357       0.923539
1.08929        1.02668
1.125       0.794679
1.143       0.411066
1.16071       0.107095
1.19643              0
1.23214              0
1.26786              0
1.30357              0
1.33929              0
1.375              0
1.41071              0
1.44643              0
1.48214              0
