-1.48214              0
-1.44643              0
-1.41071              0
-1.375              0
-1.33929              0
-1.30357              0
-1.26786              0
-1.23214              0
-1.19643              0
-1.16071       0.127499
-1.143       0.398188
-1.125       0.727723
-1.08929       0.888567
-1.05357       0.835606
-1.01786       0.843452
-0.982143       0.817953
-0.946429       0.768915
-0.910714       0.712031
-0.875       0.731646
-0.839286       0.694377
-0.803571       0.662993
-0.767857       0.645339
-0.732143       0.670839
-0.696429       0.566878
-0.660714       0.613955
-0.625       0.643378
-0.589286       0.506071
-0.553571       0.476649
-0.517857        0.54334
-0.482143       0.498225
-0.446429       0.586494
-0.410714       0.580609
-0.375       0.647301
-0.339286       0.649262
-0.303571       0.639455
-0.267857       0.643378
-0.232143       0.661031
-0.196429       0.684569
-0.160714       0.602186
-0.125       0.631608
-0.0892857       0.617878
-0.0535714       0.604147
-0.0178571       0.676723
0.0178571        0.54334
0.0535714       0.588455
0.0892857       0.560994
0.125       0.553148
0.160714       0.621801
0.196429       0.533533
0.232143       0.570801
0.267857       0.574724
0.303571       0.537456
0.339286       0.553148
0.375       0.539417
0.410714        0.60807
0.446429       0.615916
0.482143       0.617878
0.517857        0.54334
0.553571       0.533533
0.589286       0.557071
0.625       0.604147
0.660714       0.566878
0.696429        0.60807
0.732143       0.576686
0.767857         0.6728
0.803571       0.713992
0.839286       0.710069
0.875       0.706146
0.910714         0.6983
0.946429       0.749299
0.982143       0.851298
1.01786       0.829722
1.05357       0.980758
1.08929        1.00037
1.125       0.753222
1.143       0.409957
1.16071       0.125537
1.19643              0
1.23214              0
1.26786              0
1.30357              0
1.33929              0
1.375              0
1.41071              0
1.44643              0
1.48214              0
