-1.48214              0
-1.44643              0
-1.41071              0
-1.375              0
-1.33929              0
-1.30357              0
-1.26786              0
-1.23214              0
-1.19643              0
-1.16071        0.11135
-1.143       0.400466
-1.125       0.783974
-1.08929       0.986044
-1.05357       0.899847
-1.01786       0.846432
-0.982143       0.795562
-0.946429       0.792735
-0.910714       0.744973
-0.875       0.697212
-0.839286       0.657363
-0.803571       0.633623
-0.767857       0.619775
-0.732143       0.616101
-0.696429       0.580774
-0.660714       0.569469
-0.625       0.602535
-0.589286       0.567774
-0.553571         0.5511
-0.517857         0.5576
-0.482143       0.560708
-0.446429       0.591513
-0.410714       0.569752
-0.375       0.594905
-0.339286       0.606492
-0.303571       0.609601
-0.267857       0.620058
-0.232143       0.611862
-0.196429       0.639275
-0.160714       0.589535
-0.125       0.579361
-0.0892857       0.580774
-0.0535714       0.590383
-0.0178571       0.626275
0.0178571        0.56523
0.0535714       0.581339
0.0892857       0.576817
0.125       0.585013
0.160714       0.605927
0.196429       0.599144
0.232143       0.618079
0.267857       0.602535
0.303571       0.601688
0.339286       0.587274
0.375       0.618645
0.410714       0.603949
0.446429       0.601405
0.482143       0.576252
0.517857       0.564665
0.553571       0.556469
0.589286       0.559578
0.625       0.577383
0.660714       0.557882
0.696429       0.577948
0.732143       0.584448
0.767857       0.631927
0.803571       0.637015
0.839286       0.667254
0.875       0.703712
0.910714       0.753169
0.946429       0.795279
0.982143       0.837389
1.01786       0.867346
1.05357       0.918782
1.08929        1.01176
1.125       0.783409
1.143       0.406118
1.16071       0.106546
1.19643              0
1.23214              0
1.26786              0
1.30357              0
1.33929              0
1.375              0
1.41071              0
1.44643              0
1.48214              0
