-1.48214              0
-1.44643              0
-1.41071              0
-1.375              0
-1.33929              0
-1.30357              0
-1.26786              0
-1.23214              0
-1.19643              0
-1.16071       0.113137
-1.143        0.39672
-1.125        0.78109
-1.08929       0.996001
-1.05357       0.907566
-1.01786       0.852727
-0.982143       0.828024
-0.946429       0.807768
-0.910714       0.758858
-0.875       0.709453
-0.839286       0.663012
-0.803571       0.652637
-0.767857       0.623982
-0.732143       0.604715
-0.696429       0.587917
-0.660714        0.56025
-0.625       0.598786
-0.589286       0.558768
-0.553571       0.546911
-0.517857       0.546417
-0.482143       0.549381
-0.446429       0.573096
-0.410714       0.570625
-0.375       0.603727
-0.339286       0.623488
-0.303571       0.632875
-0.267857       0.617066
-0.232143       0.613607
-0.196429       0.631887
-0.160714        0.57359
-0.125       0.596316
-0.0892857       0.569637
-0.0535714       0.603727
-0.0178571       0.610149
0.0178571       0.548887
0.0535714       0.550863
0.0892857       0.572107
0.125       0.561732
0.160714       0.597798
0.196429       0.589893
0.232143       0.609655
0.267857       0.613607
0.303571       0.602244
0.339286       0.599774
0.375       0.631887
0.410714       0.646215
0.446429       0.619042
0.482143       0.598786
0.517857       0.569143
0.553571       0.566673
0.589286       0.579024
0.625       0.575566
0.660714       0.544935
0.696429       0.559756
0.732143       0.564203
0.767857       0.614102
0.803571       0.634852
0.839286       0.649673
0.875       0.690185
0.910714       0.733167
0.946429       0.763304
0.982143        0.84581
1.01786       0.865572
1.05357       0.928316
1.08929        1.01971
1.125       0.775161
1.143       0.410554
1.16071       0.111161
1.19643              0
1.23214              0
1.26786              0
1.30357              0
1.33929              0
1.375              0
1.41071              0
1.44643              0
1.48214              0
