1        266.847        295.821       -28.7728        266.847       0.233337      -0.434871
100        266.946        554.117       -54.2668        266.946        76.0018       -308.906
200        266.926         637.51       -23.4279        266.926         38.576       -385.732
300        266.925        595.315       -33.0479        266.925        14.7566         -310.1
400        266.924        625.591       -56.9351        266.924        2.43264       -304.164
500        266.923        665.359          -62.4        266.923        1.60944       -337.645
600         266.92         635.04       -78.6791         266.92        3.68606       -293.127
700         266.92        631.858       -78.5838         266.92        1.08856       -287.443
800        266.921        606.296       -84.0307        266.921       0.630895       -255.975
900        266.921        630.423       -78.1475        266.921        1.45892       -286.813
1000        266.922        684.857       -96.0009        266.922       0.284051       -322.218
1100        266.923        641.573       -95.4873        266.923        0.47828        -279.64
1200        266.926        603.958       -85.7016        266.926       0.772771       -252.104
1300        266.925        611.158       -108.943        266.925       0.983105       -236.273
1400        266.925        628.185       -103.457        266.925        3.16464       -260.967
1500        266.929        654.566       -111.653        266.929        1.58407       -277.568
1600         266.93        683.399       -105.701         266.93         3.7817        -314.55
1700        266.924        650.289       -110.148        266.924        1.49049       -274.707
1800        266.928        641.905       -123.515        266.928        2.08082       -253.543
1900        266.926        639.293       -112.836        266.926       0.138675        -259.67
2000        266.931         612.19       -100.035        266.931        2.68851       -247.913
2100        266.927        620.858       -108.836        266.927        3.56795       -248.664
2200        266.922        621.613       -113.577        266.922       0.568653       -241.682
2300        266.923        629.545       -112.486        266.923        1.30024       -251.436
2400        266.929         606.42       -118.873        266.929        3.13823       -223.756
2500         266.93        608.571       -117.396         266.93        2.86559        -227.11
2600        266.928        645.133       -104.103        266.928       0.248072       -274.349
2700        266.923        614.259       -110.067        266.923        5.67795       -242.946
2800        266.927        630.905       -119.473        266.927        1.61131       -246.116
2900        266.927         674.39       -118.624        266.927        1.09223       -289.932
3000        266.922        641.326       -108.841        266.922       0.241349       -265.804
3100        266.925        607.767       -107.064        266.925       0.869833       -234.648
3200        266.926        628.029       -98.0397        266.926        1.06219       -264.125
3300        266.923         646.48       -101.028        266.923        1.48561       -280.015
3400        266.923        674.352       -102.482        266.923        3.03082       -307.979
3500        266.924        673.145       -106.602        266.924        1.84814       -301.467
3600        266.927        641.487       -104.674        266.927        1.21904       -271.105
3700        266.928        612.942       -114.409        266.928        2.34136       -233.946
3800        266.928        625.246       -103.236        266.928        2.45204       -257.534
3900        266.924        653.401       -112.896        266.924        4.04104       -277.622
4000        266.923        646.737       -114.717        266.923        1.36787       -266.464
4100        266.922        627.038       -117.455        266.922        1.20663       -243.867
4200        266.923        607.337       -118.343        266.923       0.846796       -222.918
4300         266.92        649.543       -106.135         266.92        1.27723       -277.765
4400        266.924        689.597       -102.916        266.924        2.33415       -322.091
4500        266.922        633.984        -105.86        266.922         2.1111       -263.313
4600        266.929        615.173       -95.2631        266.929         3.9038       -256.885
4700        266.931        593.361         -108.2        266.931       0.913552       -219.144
4800        266.932        631.497       -105.599        266.932        1.29664       -260.263
4900        266.937        656.891        -102.69        266.937        5.43803       -292.702
5000        266.932        659.401       -100.427        266.932        1.23208       -293.274
5100        266.932        640.805       -105.787        266.932        2.25562       -270.342
5200         266.93        642.577       -109.306         266.93       0.884136       -267.226
5300        266.931        663.203       -104.693        266.931       0.878453       -292.457
5400        266.933        621.112       -113.289        266.933         1.5374       -242.427
5500        266.934        584.282       -111.296        266.934        3.46891        -209.52
5600         266.93        637.625       -113.039         266.93        1.48535       -259.141
5700        266.931         663.36       -113.827        266.931       0.571085       -283.172
5800        266.928        642.971       -111.314        266.928       0.600145        -265.33
5900        266.933        623.926       -95.7375        266.933        1.28494       -262.541
6000        266.936        612.256       -110.499        266.936        2.45299       -237.273
6100        266.934         585.83       -113.515        266.934        2.31139       -207.693
6200        266.931        639.202       -115.773        266.931       0.713098       -257.211
6300        266.932        661.898       -105.416        266.932       0.515656       -290.064
6400        266.935        681.156       -111.507        266.935        1.13127       -303.846
6500        266.933          649.1       -111.587        266.933        1.27135       -271.851
6600        266.933        625.446       -119.009        266.933        5.67718       -245.181
6700        266.931        599.834        -117.93        266.931        2.93797       -217.911
6800        266.929        632.913       -103.129        266.929        2.52666       -265.381
6900        266.931        682.232       -112.268        266.931        0.67045       -303.703
7000        266.931        647.182       -100.524        266.931        1.98611       -281.713
7100        266.931        612.427       -101.871        266.931        2.07824       -245.704
7200         266.93        625.077       -108.853         266.93        2.15048       -251.445
7300         266.93        658.291       -91.5193         266.93        1.47599       -301.317
7400        266.934        655.473       -105.787        266.934        2.32055       -285.072
7500        266.931        628.282       -109.944        266.931        3.98931       -255.397
7600        266.932        618.834         -117.2        266.932       0.947515       -235.649
7700         266.93        633.807       -110.254         266.93        2.17589       -258.799
7800        266.931        669.459       -109.173        266.931         2.1704       -295.526
7900        266.931        669.871       -102.532        266.931       0.588732       -300.997
8000        266.933        647.703       -110.073        266.933       0.545716       -271.243
8100        266.933        585.291       -97.3611        266.933        1.94375        -222.94
8200        266.933        605.349       -101.758        266.933         2.5715       -239.229
8300        266.929        622.786       -105.895        266.929       0.886796       -250.848
8400        266.922        654.262       -102.029        266.922        6.38043       -291.692
8500        266.924        660.525        -111.42        266.924       0.705353       -282.887
8600        266.924         640.09       -108.643        266.924       0.363149       -264.886
8700        266.921        614.057        -115.43        266.921        3.12338        -234.83
8800        266.921        604.918       -115.957        266.921       0.843021       -222.883
8900        266.918        617.681       -110.939        266.918        1.29681       -241.122
9000         266.92        654.938       -108.406         266.92        4.99632       -284.608
9100         266.92        650.382       -95.9646         266.92        1.03785       -288.535
9200        266.917        634.151       -106.103        266.917        3.78873       -264.919
9300        266.918        649.527       -110.834        266.918        2.15686       -273.932
9400        266.919        674.366       -118.105        266.919        2.57186       -291.914
9500        266.918        627.913       -116.264        266.918        3.76568       -248.497
9600         266.92        630.517       -103.889         266.92         2.3298       -262.037
9700        266.919        633.753       -102.914        266.919        2.36008        -266.28
9800        266.919        624.011       -109.581        266.919        2.21962       -249.731
9900         266.92         655.24       -88.7392         266.92        1.74601       -301.327
10000        266.918        678.875       -112.538        266.918        2.08157       -301.502
