-6.80762       -7.08304        1.36067
2.43029        5.05913      -0.420727
-3.1535         8.2542       0.683954
-7.19456        3.08701        1.43931
-1.60663       -9.03336      -0.211886
-3.44399       -10.3627      -0.888495
-2.08757        1.96284       0.544829
-4.82996        -6.9042       -1.56287
2.56464          2.695        0.19025
-3.18806        6.63701       -1.45763
-7.08063       -1.68795      -0.602834
-10.4988        5.03219      -0.951056
-3.42366         9.7914      -0.735229
0.052645       -6.17819       0.821852
7.26532       0.158796      -0.738488
9.47829       -2.56839       -1.11368
2.07654        10.1339       0.514921
-2.25734        9.30361        1.57045
-8.42125       -4.99265       0.740535
-3.69671        3.97547       0.263821
-4.61663        3.66503      -0.273995
-9.61625         2.8006        1.42834
-1.22255        4.54447       -1.48642
-10.1129       -3.72203      -0.193968
-6.02188       -2.11364        0.65547
-0.87522      -0.436655        1.18459
0.510888        8.86887       -0.27073
8.25033       -4.56352       -1.16529
5.10111        9.19408        1.54694
1.03014       -5.16268        1.27011
2.44501        7.72746       0.954881
5.48596       -9.47835        1.54206
-6.642        2.37781      -0.950741
-5.13498       -5.01504       0.446931
5.07103       -10.2378       0.790198
0.59076       -5.13694       -0.36983
9.87428        1.11865       0.610439
-0.157426       -4.28915      -0.862356
9.47008        10.3173      0.0843077
-4.77557       -4.57521        1.53672
8.7821       -1.27578      -0.321368
1.80699      -0.783073      -0.159832
6.44544       -5.97704       0.340468
-5.9976        8.49017        1.01603
-6.3062       -3.04624       0.196214
-3.52088        2.19379      -0.873786
8.19322        2.19566       -1.44525
4.983        9.19008       0.219984
2.34611        5.04413        1.44181
3.85637       -1.49373        1.35589
-8.98546       -8.33114       -1.45358
4.70709        1.97007       0.474411
-2.76277       -3.02943       0.544635
-0.0849703        9.22309       -1.54132
-8.5261        2.44839         1.3954
-5.31866       0.615561     -0.0860785
4.53462       -8.72808      0.0302277
7.43192       -4.35912        1.25206
3.86528       -10.3462      -0.802187
-3.01597        7.09726        1.02425
0.820272       -2.87953      -0.268297
-4.32512       -3.18493       -1.25292
3.34543       -8.04121       -1.59364
7.95444        5.23277       -1.51035
4.09023        2.01524       -1.10792
-3.55358        1.90776       0.958753
2.2638        -8.8094       0.160116
3.97594        3.82265     -0.0956722
5.34295       -1.02716       -1.23449
-6.99609        1.45083       0.297993
-0.982993        3.39394        -1.0141
9.51697       -9.44076       -1.17947
-5.25139        5.58083       -1.18664
-9.66823        8.35038      -0.442688
6.78615        6.27384      -0.279534
-7.40362       -8.04875       0.956703
10.2826       -0.57016       0.126563
4.28353       -1.46009      -0.247319
-3.04598       -1.04692       0.038522
8.82423        3.34682       0.393843
2.26373        8.83447      -0.704884
-6.38677        3.48422      -0.361787
1.85742       0.511047       0.754706
-2.64375       -1.58605       -1.53508
8.76738        9.30271        1.01914
1.10159       -10.3772       -1.06676
2.86363      -0.593493       0.225638
5.62966       0.419523        1.10745
-9.60796       -1.71638       -1.27782
-5.54368       -2.14029       -1.10699
-3.90265       -4.23506       0.197564
-7.2538        3.37669       -1.27555
-8.41708       -9.47731        -1.4488
-10.6871       -8.93923       0.121003
7.14453        4.40208     -0.0696621
6.14798       -1.78208       0.185138
4.33537        6.28815      -0.313959
-0.271754        1.75583        1.49374
3.51217        6.69198       -1.20683
9.5808        7.90078      -0.642621
-9.25138       -1.66532        0.38531
-8.51898       -2.18417        1.02784
10.2112       -5.81986       0.359767
2.14932       -3.06538       -1.23961
9.23678       -5.28114        1.40592
2.59817       -1.64773      -0.672391
-4.84741        1.02614        1.46784
0.468193       -9.89156      -0.518602
9.30777       -10.4116       -1.49512
7.88226      -0.168097         1.5582
-7.3335       -6.42228       -1.06357
-5.65538        -8.3272       0.533605
8.39717       -7.62459     0.00628448
0.307895        6.65328        1.55191
-6.44092      -0.418876       -1.10656
10.2694       -7.77542       -1.54425
-2.54582       -4.43014       -1.31492
7.2698       -1.57164         1.5554
-4.91104      -0.183086        1.19879
-4.30617        1.44035      -0.039839
5.42012        2.24492      -0.780944
10.6448       -9.06312        1.19542
-5.03062       -10.5779        1.59774
-6.15255        4.49114       -1.54136
7.27421        10.3275        1.58563
-0.756064        2.78733         1.5049
3.92188         -3.011       0.921755
5.66797       -2.92653      -0.319911
-7.06413        6.39826      -0.394854
-7.68325       0.537102        0.78838
-8.49235        2.35919      -0.105472
-9.78068       -5.13538       -1.21608
6.82107        10.0406      -0.195737
8.13365        8.26847      -0.378485
4.85034        7.42514      -0.286878
-7.49356        9.68242       -1.54105
-2.40659       -9.01235      -0.911588
2.1162       -4.02245        1.53828
-2.43905       -6.40873       0.757733
-4.41739         6.6633      -0.771432
3.85262       -9.57853        1.40395
0.0778519        -2.8164       0.935291
6.96815       -3.08839      -0.406605
4.71186       -3.84965      -0.942615
3.13931       -5.08512       -1.56007
9.18411       -3.15956        1.23734
5.83523       -4.44448       -1.45275
9.25982        6.40201        1.55147
-6.15032       -4.95703      -0.364233
5.74621        3.50772      0.0657306
-9.28407        1.50823      -0.626465
-5.12529       -2.34435        1.48211
-9.70525        6.49577        1.49364
-3.19533        3.31014        -1.2737
9.65424       -7.14223       0.544124
-0.15433        7.31725      -0.449426
6.47501       -10.2063       -0.40213
-2.78407       -9.31583        1.26221
0.274033        7.69517        1.25463
6.59168        7.72457      -0.175478
1.03847      -0.582264       0.607192
-5.39477        3.20534      -0.754835
9.88122        10.2602        1.29605
1.78889       -5.80167      0.0899959
4.56492       -4.94528       0.519365
-2.56058        -2.8412      -0.611804
-10.2184        1.32979        1.14773
-7.10889        9.57857       0.415975
7.98869        1.48956       0.901076
9.58799        2.34363      -0.764471
9.85055        5.57824      -0.217759
1.12751       -8.08848       -1.25534
1.04345        4.19437         -1.144
-3.87389       -6.47861       0.621473
-7.10869        6.43846       0.787252
-5.0313       -4.05357        -1.1389
3.36539       -3.02695      -0.167979
5.55078        2.38104        1.36617
0.806949        2.86494       -1.26687
-3.56402        3.49757        1.46874
-10.3917        7.39318       -1.53528
0.911338        2.45636       0.218311
10.6078       0.126509      -0.716857
9.28618       -4.44291      -0.603029
-1.1625        6.47121        1.32935
5.8896        8.01475      -0.883351
7.25403       -1.04578        -0.3656
-2.35753       -0.16086       0.179964
7.16873        8.14579        1.26489
-8.97459        6.66162       0.198554
5.26177        9.86065       -1.25353
1.11258      -0.204205        -1.3472
2.53693        3.61992        1.45159
-5.79895       -5.52278       -1.51748
-10.6902       -4.71173      0.0795552
-8.85502        5.76382       -1.36366
-1.98102       -7.23382       -1.57826
3.72511       -6.99789        1.32019
-6.96043        8.44934      0.0550621
5.56608        4.70155       0.304113
1.1678        1.57677      -0.374821
-0.677566       -5.01119       0.641123
-1.15106         9.3413        1.11206
6.92952       0.185581       0.368919
10.1653        10.5247       -1.20148
10.212        2.62124        1.60232
-7.50141       -2.41271       0.602907
-8.89905        9.95776      -0.401252
-1.30189       -6.79955      -0.982094
-0.015415        8.35159       -1.04355
-8.73509       -10.4896        1.00106
-9.61977        7.95438       0.841398
-1.27292        8.21463       0.791425
10.4994       -4.18603      -0.956005
7.87584       -7.06285         1.2363
-5.14639        4.71383        0.95654
4.04149       -3.97008     -0.0925586
-1.62022       -5.23636       0.142367
-9.29629       -6.22563       0.403242
8.18238        6.86988        1.38815
4.89085        -10.017       -1.32542
6.98709       -7.36554      -0.421841
7.50653        9.33695     -0.0355883
-10.4819       -6.45457        1.21242
4.00211        4.98651      -0.405602
-4.57674      -0.140717       0.183144
-5.31728       -6.30209       0.707441
10.1799        9.05633        -1.2026
-3.86483        7.20683      0.0263285
-0.534206       -3.30748      -0.404641
-4.81148        10.6876      -0.913583
-10.3063       -10.1905       0.483739
-8.06245        4.38091       -1.40032
-1.5808          1.273        1.54231
0.310655       -8.94841       -1.53222
10.6339       -1.37159       -1.23826
6.28005       -1.48559       -1.38218
-3.67208       -5.50842      -0.519817
-0.182802        9.74923      -0.638733
9.44843      -0.218864       -1.03388
-7.08571      -0.274396        1.22706
8.64175       -3.30726       -1.27513
-8.12077         -9.233       0.938416
-10.2043        3.30648       0.667814
-10.3225       -4.50425        1.18329
-2.37286        6.07884        1.48055
10.6277        2.41524       0.478731
3.52993      -0.934452        -1.1967
-4.3226        4.12326       -1.34935
-6.11835         3.3511        -1.5944
-3.28609       -5.08799        1.22782
-8.20112        9.67685         1.2356
9.87876       -8.37538      -0.320022
-6.19217        1.01519       -1.12815
-9.54579       -9.34037       -1.51141
5.82377       -6.48719        1.30696
10.3953        8.80475     0.00432685
-0.515603        2.94111       0.109016
-3.96936       0.771253       0.988301
5.76121        3.41744        -1.6049
-8.77532      -0.510928        1.00069
-2.7807        1.62689      -0.159141
-1.05198        6.05075       -1.03937
1.25088       -6.81539       -1.18179
7.38264        5.75271       0.947897
-0.0290267       -7.72402        1.00509
2.99726       -5.05669        0.61368
-5.98107        1.94493      -0.291567
5.06818        10.6114     -0.0695297
-7.18965       -7.94108       -1.05313
4.46878       -8.63155        1.46519
6.88563         6.9322        1.22004
-9.09878       0.348444      -0.987933
2.48      -0.262221        1.25222
10.1968         0.2279        1.47637
-0.949617        8.93035      -0.371973
4.50529       -9.89052      -0.148126
7.20361       -6.41635        -1.1455
4.06486        4.25985       -1.18294
-6.239       -5.99427      -0.296578
-8.41929       -3.83472       -1.56091
-5.15887       -7.89988        1.49315
-3.46248       -9.32907        -1.2541
0.716204       0.242351      -0.245217
-5.21596        7.18164       -1.44937
8.35321       -2.09373        -1.1137
-1.73431        4.11576        1.43974
-6.76172       -5.52797         1.4509
4.64365       -6.71301       0.883111
-2.14528          3.149      -0.875331
-0.177391       -8.51655    -0.00909938
7.54305       0.920257        0.11059
7.73805       -4.54823      0.0101423
8.25121         3.1907      -0.966327
7.47714        3.44127        1.52236
-5.12736        9.17075       0.847093
-4.15798       -9.11437      -0.135559
9.27657        1.71274       -1.58016
1.69905       -9.51918       0.640184
3.10935         10.636      -0.270931
-2.19412        8.00526      -0.190132
-3.88857         9.8417        1.38028
1.64227        8.34904       0.195893
-9.6565       -8.52459      -0.721033
0.462827       -4.07172        1.12932
9.45584        7.37606       0.649103
0.855647        1.04973       -1.44954
4.93473        6.53238       0.632355
-2.00205       -2.41534        1.54138
5.56559        6.75871      -0.214979
-5.44047       -8.11888       -1.40432
3.1655       -3.81056        1.61399
-2.04268        10.5467      -0.353073
10.175       -3.05613       0.242822
8.16926       -9.88632      -0.951885
-0.0886821       0.298449       -1.04766
-5.55065        9.40036      -0.787895
-9.79187      0.0384567       0.952995
-1.06939       -1.98992       0.795526
6.88218       -2.70203        1.57287
9.48033       -8.61689        1.33484
2.47723       -5.92255      -0.889804
2.2226       -8.20135        1.01003
-7.66613        2.41823       0.575193
6.7884        3.52915      -0.801561
5.27181      -0.970688       0.497491
1.31836        5.36168       -1.43168
10.1457        3.97544       -1.39055
4.52        10.5526        1.44684
5.36057        7.79905        0.64613
-4.25495        2.58954        1.49624
4.54944       -2.81874       -1.55818
-7.80844       0.535809       -0.40229
2.62621        6.04238      0.0154767
-2.57304        4.43675       0.760816
1.75736       -6.72145       0.831535
-9.5766        5.89745       0.600306
-6.96807        8.25725        1.36511
-5.12447       -1.29431       -1.02194
8.80708       -3.94156        0.55759
-4.38644       -1.80672        1.03422
3.72965         5.1652        1.44114
-1.4053       -4.25281        1.02069
9.28715        -7.6748       -1.09711
-3.06916        4.11999      -0.757263
-9.43316       -10.4346      -0.831802
7.41045       -5.29616        1.08433
5.17909       -3.45976        1.09549
1.00196        -1.9548        1.35531
-8.77495        -2.3382      -0.645525
-10.0094       -6.99201       0.188691
-9.76155        5.64254      -0.492308
3.64425       -6.42411       -1.31453
7.83804        4.58085        1.21011
4.72321      -0.215248        1.15462
-1.88763        9.57646       -1.46722
4.11686        3.58782        1.00046
8.2239        0.75148      -0.930735
4.15427        7.29266         1.1867
-2.49417       -4.57308       0.567592
-6.66621        -4.4636        1.30377
1.8623         3.5497        0.64231
-3.6726        5.55991        -1.4643
-6.57533        5.87863       -1.29429
4.80211       0.668499        0.10775
2.50415       -7.77436      -0.623476
-7.53989        1.45647       -1.48726
-4.48352        2.50456       -1.56053
-7.71324        7.42095       0.432552
-1.00201       -3.78123       -1.54526
6.66077       -4.88487       0.220672
2.48817       -1.75349       0.305663
0.262025        1.00676        1.02429
1.46354        -2.6738       0.611059
-5.87341       -3.15606       -1.51806
-2.04954        7.91892        1.31894
-8.39651        8.93018       -1.18209
9.32164       0.140234       0.531408
-9.4357        9.23168       0.276894
3.08064        9.15375      -0.007347
10.6707       -1.60594        1.03753
5.14867         -8.067       -1.39265
-9.91346        9.29074        1.27301
8.62329       -6.35041        -1.5541
5.81842       -4.15107      -0.244091
2.34944        1.52972       0.833312
-9.58733       -2.70632        1.13607
-5.40023        3.81416        0.55057
-0.851375       0.659651        1.00305
2.03912        7.00854       -1.40814
-6.19685        10.6585       0.736796
-3.95089       -2.04762       -0.72842
2.8134       -2.44091         1.2633
-7.71799         5.5688       0.306869
-6.87405       -4.39472       -1.21558
8.69319       -2.62353       0.300638
6.00135        6.16029       -1.34712
5.74643      -0.124835       -0.75982
5.94398        4.30869      -0.639317
-3.43668       -4.43312       -0.93079
2.19848        2.06229       -1.35477
6.79179       -5.05088       -1.54706
3.87368        1.96139     -0.0382664
-1.6315       0.935743       -1.41974
-8.20954        4.00718        1.58005
-4.27544        8.33832       -1.38743
3.49133       0.701317       -1.34442
8.45951        10.0474      -0.328481
1.38196        7.24896        1.34777
5.76843        8.96152      -0.399885
-1.87407        -1.3223      0.0338766
-6.34029        -6.6524       -1.34423
-3.02352       -7.50968        0.80913
1.42802        9.31287       0.888618
6.80196       -10.0554       0.595148
-3.6832         3.0098      -0.108609
-1.16801        -7.0483        0.12691
-8.89245        1.07923        1.35566
-1.39663       -5.96167       -1.54702
-10.1977       -2.42482      -0.199533
0.00293101        3.67247      -0.724934
5.91162        9.51669       0.611952
-3.6737       -1.00019        1.14308
10.6499        6.17082       0.194444
